639000.24 853432.95 421.57 19456 23552 22528
639000.14 853432.79 481.22 19456 23552 22528
639000.50 853434.79 482.03 19456 23552 22528
639001.95 853432.96 422.02 20736 24832 23296
639000.74 853430.49 445.30 17408 21504 20992
639000.73 853431.65 453.76 17408 21504 20992
639000.27 853425.78 430.50 17152 21248 20992
639000.63 853427.77 431.65 17152 21248 20992
639000.42 853428.62 443.69 17152 21248 20992
639002.29 853434.98 422.78 20736 24832 23296
639001.49 853430.85 422.68 19200 23296 22272
639000.58 853434.93 422.91 19456 23552 22528
639000.11 853406.49 416.25 25088 30208 25856
639000.48 853408.57 416.81 24320 29696 25088
639001.96 853416.64 421.40 23808 28928 26112
639001.58 853414.59 420.52 23552 29184 24832
639001.47 853419.54 454.85 20992 25600 24064
639002.37 853421.32 437.81 20992 25600 24064
639001.86 853421.55 455.37 20992 25600 24064
639002.81 853420.94 420.74 20992 25600 24064
639002.29 853418.63 422.42 23808 28928 26112
639001.78 853422.58 466.09 20992 25600 24064
639003.23 853425.57 437.29 17920 22016 22272
639001.96 853424.16 470.38 17920 22016 22272
639003.50 853424.92 422.82 17920 22016 22272
639002.63 853429.18 481.26 19200 23296 22272
639002.45 853427.65 476.42 18432 22528 22272
639003.39 853433.18 482.21 20736 24832 23296
639003.32 853419.27 452.55 20992 25600 24064
639002.09 853425.67 475.61 18432 22528 22272
639002.67 853410.21 416.56 23552 29440 23552
639001.83 853405.92 416.53 24320 29696 25088
639001.62 853404.18 412.33 25088 30208 26368
639002.31 853408.15 415.93 24320 29696 25088
639002.83 853423.55 436.53 17920 22016 22272
639001.27 853412.72 417.94 23552 29184 24832
639003.23 853431.60 478.16 19200 23296 22272
639003.63 853431.29 461.43 19200 23296 22272
639003.27 853421.66 469.17 20992 25600 24064
639000.83 853410.49 418.53 23552 29440 23552
639003.17 853422.94 421.87 17920 22016 22272
639003.17 853420.23 463.11 20992 25600 24064
639003.01 853412.19 418.12 23552 29440 23552
639000.94 853354.71 447.17 26112 31232 27904
639001.03 853350.32 418.46 22272 27648 25600
639000.50 853347.99 420.53 22272 27648 25600
639000.76 853355.78 460.62 26112 31232 27904
639001.47 853361.60 412.74 25600 30976 26880
639000.97 853359.29 413.93 27136 32256 28416
639000.31 853349.17 434.05 22272 27648 25600
639000.45 853357.06 415.07 27136 32256 28416
639000.01 853345.72 421.38 19968 25344 23808
639000.51 853352.47 447.40 24832 29952 27392
639000.09 853331.05 424.33 15360 19968 20480
639000.53 853333.19 424.86 15360 19968 20480
639000.40 853339.06 466.26 15616 20736 20224
639000.31 853327.41 460.59 14848 19200 20224
639000.48 853337.69 454.18 15616 20736 20224
639000.22 853321.14 423.48 14848 18944 20480
639000.35 853335.97 448.24 15360 20480 20480
639003.52 853431.78 422.84 19200 23296 22272
639001.75 853435.26 479.18 20736 24832 23296
639003.73 853434.33 440.00 20736 24832 23296
639003.00 853434.01 482.96 20736 24832 23296
639002.31 853431.95 484.43 19200 23296 22272
639002.50 853432.18 471.22 19200 23296 22272
639003.30 853428.85 461.46 19200 23296 22272
639003.43 853434.77 484.69 20736 24832 23296
639003.13 853427.78 482.86 18432 22528 22272
639001.30 853434.18 483.28 19456 23552 22528
639001.79 853431.90 481.09 19200 23296 22272
639003.06 853427.37 462.49 18432 22528 22272
639003.14 853425.37 476.98 17920 22016 22272
639001.91 853432.47 470.43 19200 23296 22272
639001.60 853434.14 468.25 20736 24832 23296
639003.29 853430.13 422.63 19200 23296 22272
639002.61 853431.21 446.09 19200 23296 22272
639003.52 853427.45 465.99 18432 22528 22272
639001.55 853432.85 422.79 20736 24832 23296
639002.48 853434.18 422.58 20736 24832 23296
639000.91 853433.75 444.71 19456 23552 22528
639001.29 853430.90 453.98 17408 21504 20992
639002.90 853432.14 422.46 19200 23296 22272
639002.29 853428.76 423.22 19200 23296 22272
639002.08 853425.91 461.70 18432 22528 22272
639002.55 853434.67 444.37 20736 24832 23296
639000.81 853430.60 481.42 17408 21504 20992
639002.93 853429.32 479.48 19200 23296 22272
639002.71 853419.02 470.92 20992 25600 24064
639002.37 853420.92 470.72 20992 25600 24064
639002.01 853433.77 482.65 20736 24832 23296
639000.86 853428.03 478.36 17152 21248 20992
639001.86 853423.22 472.86 17920 22016 22272
639001.83 853435.31 446.27 20736 24832 23296
639002.52 853432.33 439.13 19200 23296 22272
639000.02 853434.49 480.99 19456 23552 22528
639002.83 853435.34 478.21 20736 24832 23296
639003.07 853422.25 421.77 20992 25600 24064
639001.22 853426.11 479.39 17152 21248 20992
639002.21 853423.94 476.40 17920 22016 22272
639000.65 853429.42 474.40 17408 21504 20992
639003.07 853424.66 423.11 17920 22016 22272
639002.60 853424.53 423.61 17920 22016 22272
639001.34 853428.19 450.68 17152 21248 20992
639001.32 853428.27 478.82 17152 21248 20992
639001.34 853427.41 459.66 17152 21248 20992
639000.19 853432.54 468.00 17408 21504 20992
639001.04 853431.74 431.60 17408 21504 20992
639002.88 853420.95 469.30 20992 25600 24064
639001.52 853426.09 464.28 18432 22528 22272
639001.24 853429.42 444.73 17408 21504 20992
639001.83 853428.55 422.96 18432 22528 22272
639000.06 853429.24 453.80 17408 21504 20992
639001.56 853425.01 422.27 17920 22016 22272
639000.38 853431.11 422.12 17408 21504 20992
639002.21 853426.60 423.91 18432 22528 22272
639000.78 853429.06 422.06 17408 21504 20992
639000.74 853428.21 430.72 17152 21248 20992
639001.16 853424.37 447.73 17920 22016 22272
639001.66 853426.34 479.52 18432 22528 22272
639002.86 853418.59 419.94 23808 28928 26112
639003.16 853416.79 421.64 23808 28928 26112
639002.01 853422.75 420.68 17920 22016 22272
639002.42 853420.63 420.32 20992 25600 24064
639001.07 853432.50 422.20 17408 21504 20992
639000.55 853422.07 472.35 20992 25600 24064
639000.04 853432.06 479.32 17408 21504 20992
639002.60 853417.07 421.25 23808 28928 26112
639001.83 853425.90 448.25 18432 22528 22272
639000.99 853422.61 447.14 20992 25600 24064
639000.47 853432.42 480.47 17408 21504 20992
639001.65 853419.53 469.86 20992 25600 24064
639000.04 853434.67 453.59 19456 23552 22528
639000.11 853424.33 474.33 16896 20992 21248
639000.99 853424.37 430.47 17920 22016 22272
639000.06 853428.52 463.11 17152 21248 20992
639003.01 853414.85 420.32 23552 29184 24832
639001.85 853421.01 420.61 20992 25600 24064
639001.20 853422.43 462.42 20992 25600 24064
639000.45 853425.55 470.78 17920 22016 22272
639000.19 853429.39 422.43 17408 21504 20992
639001.11 853420.46 460.72 20992 25600 24064
639000.70 853426.16 428.60 17152 21248 20992
639000.21 853422.89 429.44 16896 20992 21248
639000.96 853419.74 421.32 20992 25600 24064
639001.70 853415.77 421.74 23808 28928 26112
639001.63 853420.68 432.86 20992 25600 24064
639002.61 853409.14 417.12 24320 29696 25088
639002.27 853418.91 420.17 20992 25600 24064
639002.09 853411.53 419.71 23552 29440 23552
639002.14 853413.64 420.82 23552 29184 24832
639001.73 853413.44 419.43 23552 29184 24832
639002.61 853411.37 419.20 23552 29440 23552
639001.32 853417.82 421.64 23808 28928 26112
639001.32 853415.63 420.23 23552 29184 24832
639000.84 853417.80 421.79 23808 28928 26112
639000.47 853419.89 421.51 20992 25600 24064
639001.26 853421.45 469.87 20992 25600 24064
639001.47 853409.07 419.63 24320 29696 25088
639002.01 853406.55 416.53 24320 29696 25088
639001.11 853410.85 418.42 23552 29440 23552
639000.24 853415.21 420.66 24064 29696 25600
639000.51 853411.54 418.09 23552 29440 23552
639002.42 853404.54 416.12 25088 30208 26368
639000.60 853413.36 421.70 23552 29184 24832
639001.73 853405.34 416.81 25088 30208 26368
639001.27 853407.54 418.33 24320 29696 25088
639000.90 853409.54 418.17 24320 29696 25088
639002.34 853402.77 412.59 25088 30208 26368
639001.19 853403.27 412.29 25088 30208 26368
639000.48 853406.18 418.94 24320 29696 25088
639000.15 853408.08 417.74 25088 30208 25856
639000.37 853404.26 416.89 25600 30208 26880
639001.53 853362.46 454.58 25600 30976 26880
639001.17 853362.79 412.10 25600 30976 26880
639001.11 853359.83 456.05 25600 30976 26880
639001.52 853361.07 412.82 25600 30976 26880
639000.94 853359.20 448.71 27136 32256 28416
639001.19 853356.85 457.27 27136 32256 28416
639001.32 853358.49 459.13 27136 32256 28416
639001.45 853364.00 411.18 24064 29440 25344
639001.11 853357.44 414.68 27136 32256 28416
639000.61 853353.76 461.16 26112 31232 27904
639000.37 853353.37 460.78 24832 29952 27392
639000.48 853355.03 457.65 26112 31232 27904
639000.37 853359.64 428.37 25600 30976 26880
639000.47 853361.03 413.10 25600 30976 26880
639000.09 853355.01 459.89 26112 31232 27904
639000.12 853362.82 412.39 25600 30976 26880
639000.78 853359.21 413.80 27136 32256 28416
639000.08 853359.33 428.60 27136 32256 28416
639000.19 853360.67 413.36 25600 30976 26880
639001.19 853355.30 415.51 26112 31232 27904
639000.51 853358.82 413.89 27136 32256 28416
639000.83 853357.10 414.71 27136 32256 28416
639000.45 853353.11 416.20 24832 29952 27392
639000.84 853348.66 434.24 22272 27648 25600
639001.07 853347.16 436.37 22272 27648 25600
639000.14 853354.93 415.41 26112 31232 27904
639000.12 853346.79 459.36 22272 27648 25600
639001.06 853349.83 418.99 22272 27648 25600
639000.68 853347.45 449.30 22272 27648 25600
639000.61 853349.45 419.35 22272 27648 25600
639000.57 853347.99 433.49 22272 27648 25600
639000.97 853347.63 419.90 22272 27648 25600
639000.38 853350.81 436.43 24832 29952 27392
639000.74 853351.43 417.18 24832 29952 27392
639000.47 853344.96 459.27 19968 25344 23808
639000.06 853352.71 416.55 24832 29952 27392
639000.74 853346.61 436.30 19968 25344 23808
639000.38 853350.97 417.54 24832 29952 27392
639000.42 853347.32 459.60 22272 27648 25600
639000.15 853343.79 443.49 19968 25344 23808
639000.73 853343.89 422.06 19968 25344 23808
639000.14 853347.30 419.97 22272 27648 25600
639000.71 853337.79 452.84 15616 20736 20224
639000.22 853340.34 466.22 15616 20736 20224
639000.67 853341.95 423.86 17664 23040 22016
639000.19 853342.41 437.75 17664 23040 22016
639000.63 853338.46 465.21 15616 20736 20224
639000.35 853343.63 422.88 17664 23040 22016
639000.48 853337.52 462.05 15616 20736 20224
639000.01 853334.05 462.21 15360 20480 20480
639000.04 853335.34 439.20 15360 20480 20480
639000.53 853330.73 453.93 15360 19968 20480
639000.42 853333.62 449.58 15360 19968 20480
639000.22 853333.97 441.59 15360 20480 20480
639000.19 853335.09 447.56 15360 20480 20480
639000.55 853331.72 459.07 15360 19968 20480
639000.60 853334.67 424.55 15360 20480 20480
639000.38 853330.47 424.55 15104 19456 20480
639000.02 853332.36 424.96 15360 19968 20480
639000.22 853329.08 424.86 15104 19456 20480
639000.24 853323.22 423.81 14848 18944 20480
