636500.25 853508.26 422.20 46336 45312 39424
636501.14 853512.51 422.69 50176 46592 38912
636500.68 853510.36 422.42 49664 47616 40960
636500.84 853503.32 421.40 37376 37376 32512
636500.40 853501.19 421.38 31232 32256 28672
636501.30 853505.40 421.81 37376 37376 32512
636502.63 853511.74 422.58 49408 46080 39168
636502.19 853509.67 422.40 48640 46592 40448
636501.73 853507.52 422.14 41984 40704 35328
636503.96 853504.73 421.74 41984 40704 35328
636504.42 853506.87 421.91 41984 40704 35328
636503.09 853500.55 420.99 29696 30976 27136
636506.60 853509.87 422.43 46592 44032 38912
636505.30 853511.08 422.50 48640 46592 40448
636503.52 853502.61 421.34 32768 32768 28160
636507.03 853512.00 422.56 49664 46336 40448
636505.24 853503.57 421.55 32768 32768 28160
636505.76 853513.15 422.73 49664 46336 40448
636506.18 853507.73 422.27 37120 35840 30976
636505.70 853505.69 421.87 37120 35840 30976
636504.88 853508.97 422.23 48640 46592 40448
636504.80 853501.49 421.24 27648 29184 25088
636509.23 853508.87 422.33 47360 44800 40192
636509.67 853511.03 422.45 47360 44800 40192
636508.34 853504.62 421.76 29440 29696 25088
636510.15 853513.10 422.69 50176 46592 41472
636510.67 853507.75 422.22 47360 44800 40192
636510.19 853505.63 421.94 38400 37376 32768
636507.44 853500.45 421.02 27648 29184 25088
636511.08 853509.89 422.48 47360 44800 40192
636509.75 853503.50 421.63 29184 29440 25344
636508.78 853506.74 422.10 38400 37376 32768
636507.88 853502.52 421.35 29440 29696 25088
636511.54 853511.97 422.58 49664 46080 40448
636509.29 853501.45 421.18 25344 27136 23040
636513.20 853506.64 421.97 41472 40448 35328
636515.00 853507.75 422.17 47104 44544 39424
636512.26 853502.41 421.58 34816 34816 30464
636515.41 853509.87 422.43 47104 44544 39424
636514.54 853512.97 422.68 49664 46080 40448
636514.54 853505.69 421.91 41472 40448 35328
636514.06 853510.88 422.58 47104 44544 39424
636511.80 853500.29 421.24 27648 29184 25088
636513.69 853501.43 421.40 27648 29184 25088
636512.74 853504.58 421.61 34816 34816 30464
636513.61 853508.74 422.37 47104 44544 39424
636514.06 853503.52 421.58 34816 34816 30464
636515.89 853511.97 422.66 49152 45568 39424
636516.72 853502.24 421.50 40192 40192 35584
636517.20 853504.32 421.76 40192 40192 35584
636518.53 853510.62 422.43 46336 44032 37888
636519.90 853509.64 422.32 46336 44032 37888
636516.26 853500.06 421.27 29952 30976 26880
636519.02 853505.42 421.94 42752 41472 36096
636520.35 853511.74 422.50 49920 46336 39680
636518.58 853503.29 421.58 36864 36608 31744
636518.12 853501.20 421.37 29952 30976 26880
636518.09 853508.55 422.20 46592 44544 38912
636519.48 853507.49 422.19 42752 41472 36096
636517.66 853506.41 422.06 44288 43264 38144
636519.01 853512.77 422.63 49920 46336 39680
636520.86 853501.76 421.43 36864 36608 31744
636522.66 853510.19 422.29 46080 43520 36864
636524.62 853511.92 422.43 50688 47104 39936
636522.86 853503.43 421.66 33536 33024 27904
636521.77 853505.93 422.00 41216 39680 34048
636522.42 853501.39 421.51 31232 31744 27136
636523.71 853507.72 422.22 46080 43520 36864
636523.34 853505.57 421.97 41216 39680 34048
636523.12 853512.29 422.63 50688 47104 39936
636522.20 853508.06 422.29 46080 43520 36864
636521.34 853503.86 421.77 36864 36608 31744
636524.14 853509.79 422.30 46080 43520 36864
636525.11 853501.01 421.45 27392 27392 22784
636526.03 853505.17 421.97 43008 40960 35328
636528.60 853510.16 422.39 47360 44288 37888
636526.43 853507.36 422.23 43008 40960 35328
636525.55 853503.16 421.64 33792 32768 27648
636527.39 853511.57 422.43 50176 46592 39424
636526.85 853501.81 421.43 33792 32768 27648
636527.25 853503.88 421.81 33792 32768 27648
636528.16 853508.09 422.20 46592 44032 37376
636527.75 853505.99 422.02 43008 40960 35328
636526.89 853509.49 422.29 46592 44032 37376
636529.06 853512.33 422.58 49920 46336 39168
636529.62 853502.48 421.55 37376 35328 30464
636529.16 853500.35 421.41 29440 28416 24064
636530.08 853504.58 421.77 37376 35328 30464
636531.41 853503.59 421.77 37376 35328 30464
636532.27 853507.83 422.17 48128 44800 38400
636531.44 853510.94 422.52 49664 46080 38912
636531.87 853505.73 421.99 46080 43520 37888
636533.21 853512.05 422.66 49664 46080 38912
636530.50 853506.72 422.09 44800 42240 36608
636530.98 853508.82 422.30 47360 44288 37888
636530.95 853501.55 421.45 37376 35328 30464
636532.73 853509.90 422.27 48128 44800 38400
636534.52 853506.44 422.09 47616 44544 38912
636533.16 853500.08 421.55 30208 28672 24064
636535.44 853510.65 422.30 49664 46080 38912
636535.42 853503.83 421.83 47616 44544 38912
636533.64 853502.18 421.61 39936 37376 32512
636534.96 853501.73 421.66 42240 39424 34560
636536.31 853508.05 422.23 48640 45312 38912
636537.21 853512.31 422.45 49664 46080 38912
636535.87 853505.96 422.10 47616 44544 38912
636534.05 853504.26 421.89 39936 37376 32512
636536.76 853510.16 422.39 48640 45312 38912
636534.96 853508.51 422.20 48640 45312 38912
636539.03 853507.72 422.29 48896 45568 39424
636537.65 853501.37 421.66 42496 40192 35584
636538.57 853505.63 422.10 47360 44544 39168
636541.41 853512.25 422.68 50176 46848 39936
636538.13 853503.47 421.84 42496 40192 35584
636539.95 853511.99 422.40 50176 46848 39936
636539.49 853509.89 422.39 48896 45568 39424
636540.93 853510.13 422.52 48896 45568 39424
636539.61 853503.82 421.83 47360 44544 39168
636539.18 853501.70 421.84 42496 40192 35584
636540.05 853505.93 422.04 47360 44544 39168
636540.48 853508.03 422.22 48896 45568 39424
636541.82 853502.68 421.77 43008 40960 36608
636545.06 853509.96 422.43 48640 45824 40192
636545.50 853512.10 422.65 50176 46592 40448
636541.36 853500.55 421.64 32000 30208 26112
636542.28 853504.80 422.07 47104 44544 39424
636543.26 853501.56 421.73 43008 40960 36608
636543.74 853503.66 421.94 47104 44544 39424
636542.71 853506.93 422.16 47104 44544 39424
636544.63 853507.90 422.32 48640 45824 40192
636544.17 853505.82 422.14 47104 44544 39424
636543.17 853509.08 422.33 49152 46080 40192
636543.63 853511.13 422.66 50944 47616 40960
636546.61 853505.80 422.12 47104 44800 39936
636546.18 853503.73 421.84 47104 44800 39936
636548.02 853512.16 422.73 50176 46592 40448
636549.24 853511.49 422.78 49152 45824 39936
636547.55 853510.00 422.56 48128 45568 40192
636548.78 853509.41 422.30 48128 45568 40192
636548.32 853507.33 422.33 48128 45568 40192
636547.86 853505.17 422.04 47104 45056 40448
636547.45 853503.09 421.79 39424 38400 34304
636545.72 853501.60 421.63 42752 41216 36864
636546.97 853500.96 421.66 42752 41216 36864
636547.07 853507.96 422.25 48640 45824 40192
636550.83 853506.52 422.25 47104 45056 40448
636550.35 853504.42 422.06 47104 45056 40448
636549.49 853500.22 421.61 32256 32000 28672
636551.78 853510.80 422.71 49664 46592 40448
636552.22 853506.62 422.35 44288 43008 37888
636553.16 853510.78 422.68 49664 46592 40448
636550.88 853500.24 421.84 28416 28928 25600
636551.27 853508.67 422.33 48128 45568 40192
636552.68 853508.75 422.42 46848 44800 39168
636551.34 853502.42 421.74 36352 35840 31744
636549.94 853502.34 421.64 39424 38400 34304
636551.76 853504.48 422.07 44288 43008 37888
636553.57 853502.22 421.84 36352 35840 31744
636554.48 853506.45 422.32 41472 40704 35584
636555.40 853510.69 422.45 49920 47360 40704
636554.94 853508.55 422.37 45568 44032 38144
636556.98 853511.47 422.78 49920 47360 40704
636555.60 853505.17 422.19 41472 40704 35584
636553.99 853504.31 422.07 44288 43008 37888
636556.06 853507.27 422.33 45568 44032 38144
636555.23 853503.09 421.99 33024 33280 29184
636553.13 853500.11 421.68 28416 28928 25600
636554.71 853500.94 421.96 33024 33280 29184
636556.54 853509.43 422.56 45568 44032 38144
636557.95 853504.62 422.16 37376 37376 32000
636559.34 853510.92 422.65 48640 46336 39424
636558.90 853508.84 422.50 43008 41728 35840
636559.67 853506.37 422.33 37376 37376 32000
636558.39 853506.67 422.33 43008 41728 35840
636560.16 853508.52 422.55 43008 41728 35840
636557.50 853502.45 421.93 29952 30976 26624
636560.61 853510.55 422.84 48640 46336 39424
636559.26 853504.31 422.14 37376 37376 32000
636558.38 853500.08 421.70 22528 24576 21248
636557.06 853500.35 421.68 24576 25856 22528
636558.84 853502.24 421.71 29952 30976 26624
636562.51 853508.36 422.50 40448 39424 33280
636563.99 853508.55 422.69 40448 39424 33280
636562.18 853500.12 421.77 26880 28672 24064
636562.62 853502.25 421.97 26880 28672 24064
636564.39 853510.67 422.76 47360 45312 38144
636561.14 853502.01 422.02 26880 28672 24064
636562.05 853506.19 422.42 33280 33792 28416
636563.49 853506.47 422.40 33280 33792 28416
636561.59 853504.09 422.23 33280 33792 28416
636562.95 853510.42 422.73 47360 45312 38144
636563.05 853504.34 422.33 33280 33792 28416
636566.38 853508.38 422.63 36352 35840 30208
636566.84 853510.51 422.73 40192 38912 32256
636565.89 853506.19 422.50 32256 33280 27904
636568.32 853511.56 422.92 33024 32512 26368
636566.97 853505.24 422.37 32256 33280 27904
636567.87 853509.47 422.76 32000 32512 26880
636566.09 853501.04 421.81 29184 31232 26624
636567.38 853507.34 422.61 36352 35840 30208
636565.43 853504.14 422.29 32256 33280 27904
636566.51 853503.19 422.00 29184 31232 26624
636565.00 853502.01 421.94 29184 31232 26624
636568.94 853502.77 422.10 30976 32512 27392
636569.86 853506.97 422.61 32000 32512 26880
636572.16 853511.07 422.86 33280 33792 28160
636570.76 853504.77 422.30 31744 33792 28672
636570.33 853502.65 422.16 30976 32512 27392
636570.30 853509.03 422.66 32000 32512 26880
636569.87 853500.55 421.84 31232 33792 29184
636571.70 853508.97 422.68 32512 33792 28160
636568.51 853500.58 421.84 31232 33792 29184
636571.24 853506.78 422.69 32512 33792 28160
636570.78 853511.13 422.89 33280 33792 28160
636569.38 853504.81 422.30 30976 32512 27392
636573.12 853505.23 422.30 31744 33792 28672
636573.61 853507.27 422.73 32512 33792 28160
636575.55 853510.03 422.92 33536 34816 29696
636574.07 853509.37 422.94 32512 33792 28160
636574.63 853505.80 422.43 32512 34816 29952
636574.53 853511.46 422.92 33536 34816 29696
636572.23 853500.96 421.93 31744 34816 30208
636575.09 853507.88 422.76 33024 34816 29696
636574.20 853503.73 422.23 31744 33792 28672
636572.68 853503.07 422.20 31744 33792 28672
636573.74 853501.56 422.02 32512 35584 30976
636576.73 853503.88 422.32 32512 34816 29952
636577.67 853508.13 422.65 36352 37376 31488
636576.30 853501.79 422.09 32512 35584 30976
636577.58 853501.72 422.04 32256 34304 29440
636578.49 853505.98 422.42 36352 37376 31488
636578.95 853508.00 422.68 36352 37376 31488
636579.41 853510.15 422.99 38912 39424 33280
636577.19 853506.05 422.48 33024 34816 29696
636578.16 853510.28 422.82 38912 39424 33280
636578.01 853503.83 422.27 33536 35072 29696
636579.71 853500.68 421.94 32256 34304 29440
636580.63 853504.96 422.39 34560 35328 29440
636582.08 853505.23 422.39 34560 35328 29440
636583.02 853509.44 422.86 39424 39680 33280
636581.09 853507.01 422.56 39424 39680 33280
636581.62 853503.16 422.16 34560 35328 29440
636582.56 853507.31 422.68 39424 39680 33280
636580.14 853502.78 422.22 33536 35072 29696
636581.21 853501.01 421.94 32256 33280 27904
636581.55 853509.14 422.82 39424 39680 33280
636584.70 853506.68 422.55 43520 43008 35840
636583.80 853502.45 422.19 35072 35328 29184
636585.65 853510.90 423.04 47616 47104 38912
636584.24 853504.58 422.43 38912 38912 32256
636585.00 853502.01 422.19 35072 35328 29184
636585.21 853508.84 422.79 43520 43008 35840
636583.36 853500.32 421.99 32256 33280 27904
636586.83 853510.42 422.92 47616 47104 38912
636586.37 853508.29 422.75 43520 43008 35840
636585.48 853504.12 422.39 38912 38912 32256
636585.94 853506.24 422.52 43520 43008 35840
636587.36 853501.49 422.10 35072 35328 29184
636587.82 853503.65 422.35 43520 42496 35328
636588.76 853507.88 422.65 47616 46336 38400
636590.13 853508.21 422.68 47616 46336 38400
636589.20 853509.98 422.96 51200 49920 40960
636589.20 853504.01 422.33 43520 42496 35328
636588.76 853501.91 422.19 37888 37120 30720
636588.30 853505.75 422.46 47616 46336 38400
636590.57 853510.34 423.07 48384 46848 38912
636589.66 853506.09 422.61 47616 46336 38400
636590.99 853501.70 422.00 40960 40192 34816
636592.80 853510.09 422.89 48384 46848 38912
636591.91 853505.92 422.52 47616 46080 38912
636593.51 853507.11 422.53 42240 40704 34560
636593.00 853504.94 422.46 46080 44800 38656
636592.17 853500.83 421.83 40960 40192 34816
636592.60 853502.93 422.14 46080 44800 38656
636593.92 853509.18 422.79 45568 43776 36608
636592.37 853508.03 422.73 47616 46080 38912
636591.45 853503.83 422.22 46080 44800 38656
636594.48 853500.37 421.77 39168 38144 33536
636596.66 853504.78 422.30 38912 37632 32256
636595.76 853500.58 421.96 39168 38144 33536
636595.38 853504.57 422.32 38912 37632 32256
636597.12 853506.85 422.63 42240 40704 34560
636595.86 853506.70 422.66 42240 40704 34560
636594.92 853502.45 422.09 39168 38144 33536
636596.34 853508.80 422.79 45568 43776 36608
636597.56 853508.95 422.86 41472 39424 33024
636596.20 853502.65 422.17 38912 37632 32256
636597.99 853500.19 421.73 31488 30208 26880
636599.83 853508.62 422.68 34304 32768 27136
636600.37 853504.85 422.45 29952 28672 24064
636600.81 853506.98 422.71 29184 27648 23040
636598.45 853502.34 422.07 31488 30208 26880
636599.37 853506.54 422.55 34304 32768 27136
636598.93 853504.41 422.43 29952 28672 24064
636599.50 853500.71 421.94 31488 30208 26880
636601.29 853509.08 422.96 37120 35072 29440
636599.91 853502.81 422.19 29952 28672 24064
636601.79 853500.93 421.97 26880 25600 23296
636602.71 853505.14 422.40 27136 25600 22272
636603.60 853509.27 422.96 37888 36352 31232
636604.01 853505.00 422.43 23296 22272 18944
636603.13 853500.86 421.87 26880 25600 23296
636603.55 853502.91 422.12 23296 22272 18944
636604.91 853509.21 422.73 37888 36352 31232
636603.14 853507.26 422.66 29184 27648 23040
636604.45 853507.14 422.53 27648 26624 22016
636602.24 853503.03 422.22 27136 25600 22272
636606.67 853506.26 422.46 28928 28416 24320
636607.13 853508.38 422.75 28928 28416 24320
636608.24 853507.47 422.69 28928 28416 24320
636606.90 853501.20 421.91 24320 24576 21760
636605.75 853501.99 422.04 23296 22272 18944
636606.19 853504.18 422.29 23296 22272 18944
636607.79 853505.46 422.55 25088 24832 21248
636607.31 853503.30 422.12 25088 24832 21248
636608.68 853509.66 422.96 38912 37888 33280
636610.85 853509.26 422.79 39936 39424 35328
636612.00 853508.44 422.69 31232 31232 27392
636610.64 853502.12 421.93 25600 26112 22528
636609.93 853505.04 422.45 28928 28416 24320
636609.46 853502.93 422.02 25088 24832 21248
636609.03 853500.80 421.94 24320 24576 21760
636610.39 853507.11 422.59 28928 28416 24320
636611.10 853504.21 422.27 25600 26112 22528
636611.56 853506.26 422.56 31232 31232 27392
636612.72 853501.39 421.94 26624 27648 24576
636613.66 853505.59 422.53 28416 28928 25344
636614.58 853509.82 422.89 30720 30720 27136
636614.10 853507.73 422.61 28416 28928 25344
636615.04 853506.29 422.59 28416 28928 25344
636615.48 853508.39 422.76 28416 28928 25344
636613.18 853503.52 422.23 25600 26112 22528
636614.56 853504.19 422.35 26112 27136 23552
636614.12 853502.18 422.00 26112 27136 23552
636616.43 853502.67 422.10 24064 26112 22272
636617.37 853506.93 422.65 23552 25088 21504
636617.80 853508.95 422.88 23296 24320 20736
636618.43 853505.96 422.46 23552 25088 21504
636616.89 853504.77 422.23 23552 25088 21504
636617.54 853501.73 421.99 24064 26112 22272
636616.02 853500.55 421.73 29184 30976 27392
636617.99 853503.83 422.17 24064 26112 22272
636618.91 853508.02 422.82 23296 24320 20736
636619.87 853503.09 422.14 22272 24832 20992
636621.15 853503.26 422.06 22272 24832 20992
636620.81 853507.31 422.61 22016 24320 20480
636619.43 853500.97 421.77 25600 27904 24576
636620.33 853505.19 422.40 23552 25088 21504
636622.50 853509.54 422.81 21504 23552 19712
636621.27 853509.43 422.79 21504 23552 19712
636622.04 853507.40 422.73 22016 24320 20480
636620.72 853501.13 421.86 22016 24832 21504
636621.58 853505.36 422.37 22016 24320 20480
636623.11 853501.76 421.96 22272 24832 20992
636624.49 853508.11 422.59 22528 25600 21504
636624.60 853503.14 422.16 23552 26880 23040
636624.03 853505.99 422.39 23040 26112 22272
636624.17 853500.97 422.02 24064 27648 24064
636625.48 853507.31 422.88 23040 26112 22272
636623.57 853503.88 422.22 23552 26880 23040
636625.94 853509.43 422.94 22528 25600 21504
636625.04 853505.23 422.27 23040 26112 22272
636626.68 853502.94 422.17 24832 28928 25088
636629.32 853509.57 422.91 23552 27648 23296
636627.58 853507.18 422.56 24064 28160 24064
636627.55 853501.14 421.99 26112 30208 26880
636627.12 853505.13 422.27 24064 28160 24064
636627.98 853503.32 422.23 24832 28928 25088
636628.06 853509.24 422.86 23552 27648 23296
636626.26 853500.84 422.06 24064 27648 24064
636628.89 853507.50 422.52 24064 28160 24064
636628.43 853505.37 422.43 24064 28160 24064
636630.04 853503.13 422.25 26624 30720 26368
636629.62 853500.97 422.00 25088 29184 25600
636631.44 853509.43 422.79 26624 30720 25600
636630.59 853500.08 421.94 25088 29184 25600
636630.50 853505.21 422.35 26624 30720 26112
636632.36 853508.54 422.65 26624 30720 25600
636631.88 853506.37 422.55 26624 30720 26112
636630.96 853507.34 422.53 26624 30720 26112
636630.99 853502.18 422.14 26624 30720 26368
636631.42 853504.29 422.37 26624 30720 26368
636633.02 853502.14 422.17 26624 30720 26368
636635.51 853508.31 422.73 29696 33792 28160
636632.57 853500.01 421.87 25088 29184 25600
636634.59 853504.08 422.37 28160 32256 27648
636633.44 853504.24 422.40 28160 32256 27648
636633.88 853506.35 422.59 28928 33024 27904
636635.05 853506.13 422.58 28928 33024 27904
636634.14 853501.95 422.10 28160 32256 27648
636634.34 853508.47 422.78 29696 33792 28160
636635.85 853500.53 421.97 27136 31232 27136
636636.33 853502.63 422.37 28160 32256 27648
636637.67 853503.95 422.46 27392 31232 26112
636637.25 853501.81 422.14 27392 31232 26112
636637.19 853506.85 422.59 28672 32768 27136
636637.65 853509.00 422.79 30208 34304 28160
636636.76 853504.75 422.50 28672 32768 27136
636638.11 853505.99 422.71 28672 32768 27136
636638.59 853508.13 422.82 30208 34304 28160
636639.95 853505.23 422.55 28672 32512 26624
636640.41 853507.36 422.71 28672 32512 26624
636639.51 853503.07 422.17 26624 30464 24832
636641.02 853504.58 422.59 26624 30464 24832
636640.59 853502.45 422.30 26624 30464 24832
636640.17 853500.35 421.91 25088 29184 24064
636641.46 853506.67 422.61 28672 32512 26624
636641.92 853508.84 422.69 30976 34560 28160
636639.10 853500.97 421.96 27392 31232 26112
636645.12 853508.65 422.79 31488 34304 27648
636642.05 853500.38 421.91 25088 29184 24064
636644.22 853504.50 422.59 29696 32768 26624
636642.96 853504.58 422.53 29696 32768 26624
636643.36 853500.31 421.84 25600 29184 24320
636643.79 853502.35 422.17 27904 31232 25600
636642.51 853502.45 422.29 27904 31232 25600
636644.70 853506.55 422.63 29696 32768 26624
636643.40 853506.68 422.52 28672 32512 26624
636643.87 853508.84 422.92 31488 34304 27648
636648.37 853508.72 422.96 32000 34048 27392
636646.14 853503.36 422.39 27904 31232 25600
636647.06 853502.45 422.27 29184 31744 26112
636647.45 853504.62 422.37 30720 32768 26624
636646.51 853505.47 422.40 30720 32768 26624
636646.97 853507.56 422.76 30720 32768 26624
636645.66 853501.22 422.00 27904 31232 25600
636646.60 853500.37 421.96 26368 29184 24576
636647.91 853506.67 422.76 30720 32768 26624
636648.83 853500.35 422.02 26368 29184 24576
636649.29 853502.52 422.06 29184 31744 26112
636651.43 853507.04 422.73 36352 37888 30720
636650.55 853502.84 422.30 29184 31232 25600
636650.15 853500.80 422.04 29184 31232 25600
636650.14 853506.74 422.65 33024 34560 28160
636650.60 853508.82 422.88 36352 37888 30720
636650.99 853504.94 422.50 33024 34560 28160
636649.66 853504.64 422.43 33024 34560 28160
636652.06 853500.32 422.06 27648 29952 25344
636653.88 853508.78 422.86 40960 41472 34304
636653.40 853506.68 422.68 40960 41472 34304
636652.52 853502.50 422.27 29440 30976 25344
636654.22 853504.85 422.53 35328 36352 29696
636652.94 853504.58 422.39 35328 36352 29696
636654.70 853506.97 422.69 40960 41472 34304
636653.40 853500.67 422.12 29440 30976 25344
636653.82 853502.77 422.32 29440 30976 25344
636656.05 853502.91 422.30 29440 30976 25344
636658.06 853507.29 422.73 45824 45312 38400
636656.91 853507.13 422.65 45824 45312 38400
636657.62 853505.17 422.50 39424 39424 32768
636656.75 853500.96 422.17 32768 33280 27648
636657.23 853503.09 422.23 32768 33280 27648
636656.45 853505.01 422.56 39424 39424 32768
636655.62 853500.83 422.00 29440 30976 25344
636659.87 853505.88 422.58 43520 42496 36096
636660.21 853501.11 422.09 36352 35840 29952
636659.07 853501.65 422.19 32768 33280 27648
636660.34 853507.96 422.66 50688 49152 42240
636661.47 853507.39 422.73 50688 49152 42240
636661.05 853505.32 422.59 43520 42496 36096
636660.62 853503.19 422.25 36352 35840 29952
636659.47 853503.76 422.29 43520 42496 36096
636663.51 853500.61 421.96 41472 40448 34816
636664.39 853504.83 422.48 46080 44032 37376
636663.01 853504.03 422.43 46080 44032 37376
636663.99 853502.73 422.17 40960 39424 33280
636663.89 853508.26 422.84 51456 48896 41984
636664.84 853506.95 422.69 51456 48896 41984
636662.56 853501.91 422.23 40960 39424 33280
636663.46 853506.13 422.56 46080 44032 37376
636666.16 853501.72 422.17 45312 42752 36352
636668.28 853505.55 422.55 48640 45568 38912
636667.48 853508.08 422.76 52224 48640 41984
636667.05 853505.98 422.61 48640 45568 38912
636667.35 853501.36 422.14 45312 42752 36352
636667.82 853503.45 422.29 45312 42752 36352
636666.62 853503.86 422.43 48640 45568 38912
636668.66 853507.65 422.73 52224 48640 41984
636669.37 853501.19 422.10 45312 42752 36352
636670.23 853505.44 422.52 50944 48128 41472
636669.81 853503.36 422.33 49920 47360 41216
636670.68 853507.54 422.69 51968 48640 41728
636671.50 853505.36 422.46 50944 48128 41472
636671.93 853507.50 422.59 51968 48640 41728
636671.02 853503.27 422.35 49920 47360 41216
636670.59 853501.11 422.19 49920 47360 41216
636674.06 853506.91 422.66 51712 48384 41472
636674.01 853501.39 422.09 48640 46592 40448
636672.71 853500.55 422.10 48640 46592 40448
636673.60 853504.80 422.42 50176 47360 40960
636675.34 853507.67 422.73 51712 48384 41472
636674.49 853503.52 422.33 48640 46592 40448
636674.89 853505.57 422.59 50176 47360 40960
636673.15 853502.71 422.22 48640 46592 40448
636676.85 853504.65 422.37 50944 48128 41472
636677.27 853500.70 422.17 49664 48128 41728
636675.96 853500.40 422.07 49664 48128 41728
636677.29 853506.78 422.65 52224 48640 41472
636677.71 853502.86 422.32 50944 48128 41472
636678.16 853504.91 422.40 50944 48128 41472
636678.60 853507.01 422.59 52224 48640 41472
636676.40 853502.58 422.07 49664 48128 41728
636681.80 853506.42 422.56 48640 46080 39168
636680.29 853504.70 422.37 48640 46080 39168
636681.37 853504.32 422.43 48640 46080 39168
636679.81 853502.58 422.23 44800 43264 36864
636680.72 853506.83 422.75 52480 49152 41728
636679.37 853500.42 422.12 44800 43264 36864
636680.50 853500.09 422.12 44800 43264 36864
636680.92 853502.24 422.14 44800 43264 36864
636682.93 853501.70 422.22 43264 41984 36608
636684.64 853504.26 422.32 47360 45568 39168
636685.08 853506.37 422.69 51456 48640 41728
636683.36 853503.80 422.29 47360 45568 39168
636683.82 853505.95 422.59 47360 45568 39168
636684.26 853508.03 422.76 51456 48640 41728
636684.18 853502.16 422.12 43264 41984 36608
636683.80 853500.04 422.07 43264 41984 36608
636686.34 853503.19 422.22 46080 44800 39168
636686.80 853505.29 422.45 46080 44800 39168
636687.23 853507.39 422.58 50432 48384 41728
636687.95 853505.11 422.48 46080 44800 39168
636688.38 853507.23 422.65 50432 48384 41728
636687.49 853502.98 422.14 46080 44800 39168
636687.06 853500.91 421.99 41728 40960 36352
636685.97 853501.07 422.02 41728 40960 36352
636690.44 853507.13 422.58 48384 46848 40960
636689.56 853502.93 422.14 41984 41216 36352
636690.31 853501.22 422.06 35584 35328 31744
636691.64 853507.50 422.63 48384 46848 40960
636690.79 853503.29 422.29 41984 41216 36352
636691.22 853505.42 422.56 41984 41216 36352
636689.10 853500.78 421.99 35584 35328 31744
636690.00 853505.03 422.37 41984 41216 36352
636694.63 853506.34 422.56 36096 35072 29696
636692.27 853500.83 422.09 35584 35328 31744
636693.78 853502.09 422.14 29440 29696 26880
636693.10 853505.08 422.48 32768 32512 28416
636693.56 853507.20 422.61 36096 35072 29696
636694.20 853504.18 422.40 32768 32512 28416
636692.67 853502.94 422.22 32768 32512 28416
636695.79 853502.02 422.22 25856 26624 24064
636696.70 853506.28 422.65 29440 29440 24320
636697.06 853502.70 422.25 27648 28160 24064
636696.25 853504.16 422.46 27648 28160 24064
636697.92 853506.88 422.68 29440 29440 24320
636697.52 853504.75 422.37 27648 28160 24064
636696.61 853500.53 422.20 25856 26624 24064
636699.86 853505.40 422.52 25600 26624 23040
636700.02 853500.68 422.35 22272 23552 20992
636700.50 853502.84 422.32 25600 26624 23040
636698.99 853501.22 422.35 22272 23552 20992
636701.34 853507.01 422.53 28672 29184 24576
636700.93 853504.93 422.37 25600 26624 23040
636699.43 853503.37 422.25 25600 26624 23040
636702.73 853503.62 422.37 25344 27136 23552
636703.16 853505.69 422.63 26880 28160 24064
636702.25 853501.43 422.35 23552 25600 23040
636704.39 853505.83 422.65 26880 28160 24064
636703.98 853503.72 422.59 25344 27136 23552
636703.55 853501.63 422.37 23552 25600 23040
636705.96 853503.07 422.42 25088 27392 24064
636706.81 853507.33 422.73 25088 27136 23296
636707.34 853504.39 422.53 25088 27392 24064
636707.77 853506.54 422.61 25088 27136 23296
636706.49 853500.21 422.46 25088 27648 25088
636706.39 853505.14 422.59 25088 27392 24064
636706.91 853502.29 422.35 25088 27648 25088
636705.52 853500.93 422.50 25088 27648 25088
636709.96 853506.98 422.66 27392 28928 24320
636711.11 853506.85 422.66 27392 28928 24320
636709.52 853504.83 422.43 27136 29184 24832
636710.71 853504.78 422.69 27136 29184 24832
636709.85 853500.55 422.40 26880 29184 25600
636710.23 853502.63 422.46 27136 29184 24832
636708.70 853500.58 422.35 26880 29184 25600
636709.11 853502.71 422.45 27136 29184 24832
636712.28 853502.48 422.53 29184 30720 25600
636714.26 853506.62 422.76 29696 30720 25344
636712.71 853504.62 422.53 29184 30720 25600
636713.84 853504.52 422.66 29184 30720 25600
636712.98 853500.31 422.43 28672 30720 26112
636713.41 853502.39 422.32 29184 30720 25600
636713.15 853506.75 422.59 29696 30720 25344
636711.83 853500.37 422.37 28672 30720 26112
636715.64 853502.90 422.42 33792 35072 29184
636715.23 853500.80 422.46 28672 30720 26112
636716.87 853503.19 422.37 33792 35072 29184
636716.45 853501.09 422.53 32256 33792 28160
636717.28 853505.32 422.75 33792 35072 29184
636716.07 853505.04 422.69 33792 35072 29184
636719.31 853505.80 422.66 41472 41472 34560
636720.02 853503.23 422.48 38400 39424 32512
636718.48 853501.55 422.50 35584 37120 30464
636719.60 853501.13 422.42 35584 37120 30464
636720.43 853505.37 422.63 41472 41472 34560
636718.89 853503.65 422.53 38400 39424 32512
636723.28 853503.96 422.56 43008 43008 36352
636722.00 853502.52 422.40 43008 43008 36352
636722.88 853501.89 422.50 43008 43008 36352
636722.46 853504.70 422.50 46080 45056 38400
636721.60 853500.44 422.39 39936 40704 34304
636722.91 853506.80 422.76 46080 45056 38400
636723.74 853506.13 422.75 46080 45056 38400
636725.51 853504.75 422.66 50944 48896 42240
636725.11 853502.63 422.52 47616 46592 40192
636726.99 853505.95 422.73 50944 48896 42240
636724.65 853500.51 422.40 44544 44288 38144
636726.17 853501.81 422.35 47616 46592 40192
636726.56 853503.83 422.63 47616 46592 40192
636728.99 853505.65 422.78 51712 48640 41984
636730.14 853505.42 422.73 51712 48640 41984
636729.75 853503.30 422.58 48384 46592 40192
636729.31 853501.16 422.56 45568 44288 38400
636728.13 853501.40 422.37 44544 44288 38144
636728.59 853503.55 422.61 48384 46592 40192
636732.04 853503.95 422.58 49152 46592 40192
636733.42 853505.42 422.65 52224 48640 41728
636733.02 853503.29 422.50 49152 46592 40192
636731.62 853501.79 422.42 49152 46592 40192
636732.49 853506.03 422.76 52224 48640 41728
636732.57 853501.16 422.48 46336 44288 38656
636734.49 853501.50 422.59 46080 44544 38912
636734.95 853503.68 422.63 48640 46336 39936
636736.16 853504.35 422.66 48640 46336 39936
636735.72 853502.22 422.43 48640 46336 39936
636735.31 853500.11 422.43 46080 44544 38912
636735.38 853505.76 422.76 51200 47872 41472
636737.16 853500.37 422.40 46080 44544 38912
636739.00 853504.64 422.69 48128 46080 39936
636738.59 853502.45 422.50 48128 46080 39936
636737.61 853502.55 422.33 48640 46336 39936
636738.03 853504.65 422.68 51200 47872 41472
636738.15 853500.35 422.39 46080 44544 38912
636741.10 853505.80 422.81 50176 47104 40960
636740.67 853503.70 422.59 48128 46080 39936
636740.25 853501.58 422.37 45824 44800 39168
636741.35 853501.22 422.27 48128 46080 39936
636741.79 853503.30 422.61 47104 45312 39424
636742.18 853505.44 422.84 49408 46336 40960
636743.51 853501.91 422.42 47104 45312 39424
636745.00 853503.85 422.63 45824 44544 39168
636743.92 853503.99 422.73 47104 45312 39424
636745.42 853505.93 423.04 48640 45568 40704
636744.58 853501.66 422.42 45824 44544 39168
636747.86 853503.04 422.55 46592 44544 39424
636748.30 853505.14 422.79 48640 45568 40704
636746.71 853502.48 422.56 45824 44544 39168
636747.43 853500.93 422.40 46592 44544 39424
636747.16 853504.64 422.63 45824 44544 39168
636746.28 853500.37 422.33 37632 37888 32000
636749.56 853502.78 422.56 46592 44544 39424
636749.14 853500.65 422.39 46592 44544 39424
636750.68 853503.83 422.50 49664 46080 41472
636749.99 853504.93 422.82 49664 46080 41472
636751.13 853505.93 422.86 49664 46080 41472
636750.27 853501.72 422.30 46592 44544 39424
636752.32 853503.55 422.63 47104 44544 39424
636752.73 853505.63 422.76 50432 46848 42240
636753.37 853504.19 422.53 50432 46848 42240
636751.89 853501.42 422.45 47104 44544 39424
636752.98 853502.14 422.23 47104 44544 39424
636755.70 853502.16 422.45 48384 45568 40192
636755.27 853500.09 422.25 46592 44544 38400
636755.10 853504.26 422.58 50176 46592 41984
636756.09 853504.26 422.59 50176 46592 41984
636754.67 853502.09 422.37 48384 45568 40192
636757.14 853500.84 422.27 48384 45568 40192
636758.55 853503.04 422.45 49664 46592 40960
636758.02 853505.11 422.65 50176 46080 41472
636758.18 853500.91 422.23 49664 46592 40960
636758.95 853505.08 422.73 50176 46080 41472
636757.59 853503.01 422.37 49664 46592 40960
636761.67 853504.88 422.86 50176 46080 41472
636760.54 853504.01 422.50 50176 46080 41472
636760.90 853500.73 422.23 49664 46592 40960
636761.28 853502.81 422.37 49664 46592 40960
636760.15 853501.91 422.33 49664 46592 40960
636762.79 853502.31 422.45 50176 46848 41472
636763.21 853504.47 422.65 50176 46080 41472
636763.84 853502.55 422.32 50176 46848 41472
636763.44 853500.45 422.04 50176 47360 41216
636762.38 853500.21 422.14 50176 47360 41216
636764.28 853504.60 422.75 50176 46080 41472
636765.74 853503.52 422.53 50688 47104 41728
636765.34 853501.40 422.37 50688 47104 41728
636766.03 853500.34 422.12 50944 47872 41728
636766.45 853502.47 422.35 50688 47104 41728
636766.85 853504.54 422.66 50432 46336 41728
636768.48 853504.57 422.73 50176 46080 41472
636769.53 853505.23 422.86 50176 46080 41472
636769.14 853503.14 422.65 50176 46592 41472
636768.69 853501.04 422.25 50176 46592 41472
636768.09 853502.45 422.33 50176 46592 41472
636767.64 853500.37 422.04 50176 47104 40960
636770.35 853501.66 422.37 50176 46592 41472
636770.91 853500.25 422.07 49664 46080 40448
636771.28 853502.39 422.43 49920 46080 40960
636771.70 853504.47 422.75 50176 45824 41216
636770.76 853503.73 422.59 50176 46080 41472
636772.50 853500.14 422.10 49664 46080 40448
636774.26 853504.52 422.79 50176 45824 41216
636772.89 853502.19 422.42 49920 46080 40960
636773.45 853500.32 422.20 49920 46080 40960
636773.30 853504.31 422.68 50176 45824 41216
636773.86 853502.41 422.37 49920 46080 40960
636775.34 853501.66 422.23 50176 46336 40960
636775.73 853503.73 422.46 50176 46080 41216
636776.43 853502.54 422.59 50176 46336 40960
636776.06 853500.42 422.27 50176 46336 40960
636776.88 853504.68 422.73 50176 46080 41216
636778.43 853504.98 422.79 50176 46336 41216
636778.04 853502.81 422.61 50176 46592 40960
636778.68 853501.86 422.43 50176 46592 40960
636779.06 853503.98 422.59 50176 46336 41216
636777.65 853500.73 422.30 50176 46592 40960
636781.49 853503.93 422.59 49664 46080 40704
636780.01 853500.24 422.35 50176 46592 40960
636780.40 853502.32 422.42 50176 46592 40960
636781.11 853501.86 422.39 49408 45824 40192
636780.85 853504.50 422.59 49664 46080 40704
636782.56 853502.09 422.46 49408 45824 40192
636783.05 853500.06 422.33 49408 45824 40192
636783.44 853502.14 422.50 49408 45824 40192
636782.93 853504.26 422.76 49664 46080 40704
636783.78 853504.26 422.73 49664 46080 40704
636784.57 853500.01 422.32 48640 45056 39424
636784.96 853502.11 422.53 48640 45056 39424
636785.59 853500.78 422.37 48640 45056 39424
636785.97 853502.88 422.58 49408 45824 40192
636785.36 853504.26 422.76 49408 45824 40192
636787.65 853504.19 422.78 49664 46080 39936
636788.05 853501.20 422.45 48640 45056 38912
636788.44 853503.30 422.71 49664 46080 39936
636787.26 853502.11 422.46 48640 45056 39424
636789.26 853500.17 422.50 48640 45056 38912
636790.67 853503.39 422.69 50176 46336 39936
636790.02 853504.41 422.73 49664 46080 39936
636790.28 853501.26 422.46 48640 45056 38912
636789.66 853502.32 422.46 48640 45056 38912
636792.96 853501.86 422.35 48640 44800 38400
636792.04 853501.91 422.50 48640 44800 38400
636792.38 853504.03 422.79 50176 46336 39936
636793.32 853503.96 422.73 50176 46336 39936
636795.66 853503.99 422.76 50432 46592 39936
636795.29 853501.83 422.48 48640 44544 37888
636794.79 853503.49 422.69 50432 46592 39936
636794.38 853501.37 422.46 48640 44544 37888
636796.51 853500.15 422.39 48640 44544 37888
636797.89 853503.75 422.73 50688 46848 39680
636796.87 853502.29 422.71 48640 44544 37888
636797.53 853501.58 422.46 48384 44288 37376
636797.29 853504.45 422.73 50432 46592 39936
636799.89 853502.60 422.69 48384 44288 37376
636798.76 853500.63 422.39 48384 44288 37376
636799.07 853502.75 422.66 50688 46848 39680
636799.53 853500.50 422.23 48384 44288 37376
636802.45 853503.50 422.68 49664 46080 38912
636801.11 853500.63 422.40 48640 44544 37632
636801.52 853502.83 422.50 49664 46080 38912
636802.06 853501.37 422.43 48640 44544 37632
636803.63 853501.65 422.46 48640 44544 37888
636804.71 853502.80 422.59 48896 45312 38144
636804.37 853500.67 422.37 48640 44544 37888
636804.01 853503.75 422.73 48896 45312 38144
636806.19 853502.02 422.61 48640 44544 37888
636806.55 853504.12 422.68 48896 45312 38144
636807.01 853502.09 422.46 48640 44544 37888
636808.24 853500.68 422.39 48384 44544 37888
636808.64 853502.81 422.65 48640 45056 38144
636808.98 853501.03 422.37 48384 44544 37888
636809.36 853503.07 422.63 48640 45056 38144
636810.62 853503.06 422.63 48384 45056 38144
636810.26 853500.97 422.33 48384 44544 37888
636811.53 853503.78 422.78 48384 45056 38144
636811.18 853501.75 422.43 48128 44544 37888
636813.64 853503.96 422.76 48640 45568 38656
636812.90 853503.86 422.66 48384 45056 38144
636812.52 853501.73 422.50 48128 44544 37888
636813.28 853501.89 422.55 48128 44544 37888
636815.66 853501.65 422.53 47872 44288 37632
636815.93 853503.70 422.75 48640 45568 38656
636814.77 853501.72 422.46 47872 44288 37632
636815.11 853503.88 422.73 48640 45568 38656
636817.50 853500.02 422.23 47616 44032 37376
636816.92 853501.55 422.50 47616 44032 37376
636817.33 853503.70 422.71 49152 45824 39168
636817.84 853502.19 422.59 49152 45824 39168
636819.12 853500.27 422.32 47616 44032 37376
636819.50 853502.42 422.63 49152 45824 39168
636819.84 853500.27 422.43 47616 44032 37376
636820.22 853502.39 422.65 49152 45824 39168
636822.00 853500.76 422.33 47616 44032 37376
636822.37 853502.91 422.55 49152 45824 39424
636821.38 853502.12 422.58 49152 45824 39424
636823.68 853501.66 422.43 49408 45824 39680
636824.66 853502.98 422.73 49408 45824 39680
636824.33 853500.84 422.39 47616 43776 37632
636826.27 853503.06 422.55 49408 45824 39680
636827.16 853502.58 422.59 49152 45568 39424
636826.79 853500.48 422.32 48128 44288 38400
636825.93 853500.93 422.33 47616 43776 37632
636828.43 853500.63 422.39 48128 44288 38400
636829.62 853502.34 422.50 49152 45568 39424
636829.28 853500.15 422.23 48128 44288 38400
636828.80 853502.77 422.55 49152 45568 39424
636831.42 853501.56 422.42 48384 44800 38912
636832.42 853501.56 422.42 48384 44800 38912
636834.69 853500.40 422.25 48640 45056 39168
636833.93 853501.75 422.43 48640 45312 39424
636835.03 853502.48 422.55 48640 45312 39424
636836.28 853500.48 422.30 48640 45056 39168
636836.60 853502.58 422.69 48896 45568 39680
636837.25 853501.56 422.46 48640 45312 39424
636839.69 853501.26 422.58 49152 45568 39680
636838.61 853500.61 422.33 48640 45312 39424
636838.99 853502.75 422.69 48896 45568 39680
636841.39 853501.86 422.53 49152 45824 39936
636842.18 853501.72 422.63 49152 45824 39936
636844.45 853502.14 422.59 49664 46080 40192
636843.65 853501.98 422.61 49664 46080 40192
636845.52 853500.15 422.27 49408 45568 39936
636845.86 853502.25 422.81 49664 46080 40192
636846.60 853501.85 422.69 49664 45824 39936
636847.84 853501.78 422.58 49664 45824 39936
636848.30 853500.94 422.53 49152 45056 39424
636849.14 853500.55 422.33 49152 45056 39424
636849.47 853502.65 422.78 49664 45568 39680
636849.56 853500.68 422.48 49664 45568 39680
636849.89 853502.84 422.76 49664 45568 39680
636850.45 853502.83 422.65 49664 45568 39680
636850.51 853501.22 422.52 49664 45568 39680
636850.14 853500.73 422.48 49664 45568 39680
636851.20 853501.50 422.50 49664 45568 39680
636851.34 853500.24 422.42 49152 44800 38912
636851.68 853502.37 422.59 49664 45568 39680
636852.52 853501.66 422.53 49664 45568 39680
636852.14 853501.70 422.55 49664 45568 39680
636853.96 853500.68 422.43 49664 45568 39424
636853.57 853501.76 422.71 49664 45568 39424
636855.63 853501.55 422.52 49664 45568 39424
636855.16 853501.96 422.65 49664 45568 39424
636856.98 853500.97 422.58 49664 45824 39424
636856.54 853501.72 422.55 49664 45824 39424
636858.09 853501.01 422.52 49664 45824 39424
636858.70 853501.07 422.55 49664 45824 39424
636860.21 853500.91 422.43 49152 45568 38912
636859.67 853501.17 422.65 49152 45568 38912
636862.06 853501.40 422.69 49152 45568 38912
636861.47 853502.47 422.76 49152 45568 38912
636861.14 853500.31 422.56 47872 44032 37632
636864.29 853501.78 422.79 48896 45056 38400
636863.28 853500.57 422.61 47616 44032 37376
636865.64 853501.65 422.69 48896 45056 38400
636866.22 853500.65 422.71 48896 45056 38400
636868.23 853500.31 422.56 47104 43520 36864
636867.58 853500.97 422.55 48128 44544 37888
636870.56 853500.51 422.65 46592 43008 36352
636869.79 853501.39 422.73 47616 44032 37376
636872.29 853500.93 422.58 47616 44032 37376
636873.17 853500.63 422.56 46592 43264 36864
636875.02 853501.45 422.66 48384 45056 38400
636875.83 853500.38 422.43 46848 43520 37632
636877.48 853501.42 422.59 49152 45824 39680
636878.21 853500.48 422.37 46848 43520 37632
636881.29 853501.66 422.66 49152 45568 39424
636880.08 853501.09 422.53 49152 45568 39424
636884.13 853500.60 422.63 49152 45056 38912
636883.00 853500.40 422.56 49152 45056 38912
636886.13 853501.26 422.65 49152 44800 38400
636887.10 853501.34 422.61 49152 44800 38400
636888.59 853500.90 422.59 49152 44800 38400
636891.07 853500.73 422.48 48896 44544 37888
636892.04 853500.73 422.66 48896 44544 37888
636893.79 853500.71 422.66 48128 44032 37120
636898.05 853500.09 422.55 47360 43520 36352
636896.97 853501.16 422.66 47360 43520 36352
636903.43 853500.34 422.73 45824 42752 34816
636908.38 853500.38 422.65 45568 42752 35328
636906.97 853500.06 422.86 45568 42752 35328
636918.20 853500.12 422.76 41984 39680 34048
636922.00 853500.29 422.78 36352 35840 29184
636929.21 853500.29 422.78 31744 33024 25600
636931.54 853500.08 422.63 32512 33792 26624
636926.42 853500.04 422.78 34048 34304 27392
636908.93 853500.73 422.65 45568 42752 36096
636905.37 853500.51 422.56 45824 42752 34816
636901.98 853500.90 422.75 46592 43008 35584
636900.78 853501.11 422.65 46592 43008 35584
636897.73 853500.65 422.75 47360 43520 36352
636894.50 853501.09 422.68 48128 44032 37120
636892.61 853501.07 422.53 48128 44032 37120
636889.59 853501.13 422.52 48896 44544 37888
636886.93 853500.60 422.46 49152 44800 38400
636888.93 853500.12 422.65 49152 44800 38400
636885.98 853500.70 422.59 49152 44800 38400
636884.46 853500.47 422.46 49152 45056 38912
636879.70 853500.01 422.23 47104 43520 37376
636881.09 853500.48 422.46 47104 43520 37376
636877.08 853501.99 422.71 49152 45824 39680
636876.49 853501.22 422.66 49152 45824 39680
636875.31 853500.04 422.42 46592 43264 36864
636874.27 853501.78 422.73 48384 45056 38400
636873.25 853500.63 422.56 46592 43264 36864
636871.01 853502.18 422.71 47616 44032 37376
636871.35 853500.08 422.53 46592 43008 36352
636872.43 853501.43 422.58 48384 45056 38400
636870.66 853500.47 422.56 46592 43008 36352
636869.51 853500.42 422.43 46592 43008 36352
636867.61 853500.02 422.52 47104 43520 36864
636868.65 853502.01 422.76 48128 44544 37888
636867.21 853502.19 422.69 48128 44544 37888
636866.79 853501.78 422.73 48128 44544 37888
636865.95 853500.61 422.53 47616 44032 37376
636865.05 853501.91 422.78 48896 45056 38400
636864.20 853501.04 422.59 48896 45056 38400
636862.67 853500.86 422.58 48896 45056 38400
636863.66 853501.53 422.69 48896 45056 38400
636862.06 853501.24 422.61 49152 45568 38912
636861.23 853500.93 422.56 49152 45568 38912
636859.37 853502.09 422.66 49664 45824 39424
636860.46 853502.06 422.73 49152 45568 38912
636858.32 853500.80 422.53 49664 45824 39424
636859.01 853501.83 422.63 49664 45824 39424
636857.65 853501.75 422.52 49664 45824 39424
636856.93 853501.32 422.46 49664 45824 39424
636855.63 853501.20 422.39 49664 45568 39424
636856.54 853501.40 422.37 49664 45824 39424
636854.32 853501.99 422.53 49664 45568 39424
636855.16 853501.56 422.46 49664 45568 39424
636853.21 853500.96 422.37 49664 45568 39424
636853.99 853501.29 422.48 49664 45568 39424
636851.89 853501.73 422.46 49664 45568 39680
636852.63 853501.88 422.66 49664 45568 39680
636851.79 853500.08 422.30 49152 44800 38912
636850.96 853500.45 422.35 49152 44800 38912
636850.58 853502.52 422.63 49664 45568 39680
636851.43 853502.16 422.61 49664 45568 39680
636849.96 853500.14 422.30 49152 44800 38912
636850.35 853502.01 422.59 49664 45568 39680
636849.62 853502.21 422.50 49664 45568 39680
636849.20 853502.31 422.59 49664 45824 39936
636848.58 853501.65 422.55 49664 45824 39936
636849.62 853500.21 422.32 49152 44800 38912
636847.68 853501.06 422.33 49152 45056 39424
636848.50 853500.29 422.37 49152 45056 39424
636848.11 853502.44 422.66 49664 45824 39936
636847.39 853500.70 422.45 49152 45056 39424
636846.40 853502.14 422.52 49664 46080 40192
636846.97 853502.80 422.76 49664 45824 39936
636846.79 853500.06 422.30 49152 45056 39424
636845.52 853501.14 422.37 49408 45568 39936
636846.22 853501.01 422.40 49408 45568 39936
636844.84 853502.81 422.63 49664 46080 40192
636845.23 853500.76 422.48 49408 45568 39936
636844.24 853502.75 422.65 49664 46080 40192
636844.61 853500.71 422.39 49408 45568 39936
636843.25 853503.03 422.66 49152 45824 39936
636843.65 853500.96 422.37 49408 45568 39936
636844.25 853501.04 422.46 49408 45568 39936
636842.37 853502.83 422.63 49152 45824 39936
636843.33 853501.04 422.40 49152 45568 39680
636842.76 853500.68 422.33 49152 45568 39680
636842.46 853500.67 422.39 49152 45568 39680
636841.72 853501.03 422.50 49152 45568 39680
636842.05 853502.75 422.66 49152 45824 39936
636840.48 853502.52 422.56 49152 45824 39936
636841.30 853501.60 422.58 49152 45568 39680
636840.89 853500.37 422.25 49152 45568 39680
636840.41 853501.04 422.42 49152 45568 39680
636839.59 853501.78 422.48 49152 45824 39936
636839.51 853500.29 422.37 49152 45568 39680
636838.82 853500.45 422.27 48640 45312 39424
636839.10 853502.39 422.68 48896 45568 39680
636838.43 853502.54 422.50 48896 45568 39680
636838.23 853501.85 422.50 48896 45568 39680
636837.46 853501.52 422.33 48640 45312 39424
636836.33 853501.72 422.39 48640 45312 39424
636837.28 853500.38 422.37 48640 45312 39424
636836.92 853502.48 422.61 48896 45568 39680
636835.23 853501.13 422.30 48640 45056 39168
636834.83 853503.29 422.63 48640 45312 39424
636835.90 853501.88 422.40 48640 45312 39424
636833.85 853502.01 422.43 48640 45312 39424
636834.85 853501.39 422.27 48640 45056 39168
636832.79 853500.86 422.20 48384 44800 38912
636832.39 853502.94 422.58 48640 45056 39168
636833.29 853502.58 422.52 48640 45056 39168
636833.68 853500.48 422.32 48640 45056 39168
636832.46 853500.27 422.19 48384 44800 38912
636831.44 853500.08 422.17 48384 44800 38912
636831.05 853502.12 422.45 48640 45056 39168
636832.06 853502.37 422.52 48640 45056 39168
636830.80 853500.80 422.32 48384 44800 38912
636829.90 853500.58 422.23 48384 44800 38912
636830.40 853502.90 422.46 49152 45568 39424
636829.48 853502.70 422.46 49152 45568 39424
636828.98 853502.78 422.63 49152 45568 39424
636828.07 853501.89 422.37 49152 45568 39424
636829.32 853500.71 422.32 48128 44288 38400
636827.75 853501.13 422.33 48128 44288 38400
636826.75 853500.63 422.27 48128 44288 38400
636827.35 853503.21 422.53 49152 45568 39424
636826.34 853502.73 422.52 49408 45824 39680
636825.90 853501.75 422.46 49408 45824 39680
636824.75 853501.72 422.37 49408 45824 39680
636824.14 853501.89 422.46 49408 45824 39680
636822.99 853501.09 422.37 47616 44032 37376
636822.61 853503.19 422.50 49152 45824 39424
636820.79 853503.26 422.68 49152 45824 39424
636822.55 853500.29 422.30 47616 44032 37376
636821.17 853501.11 422.37 47616 44032 37376
636822.14 853502.35 422.53 49152 45824 39424
636819.40 853500.35 422.32 47616 44032 37376
636820.53 853500.80 422.30 47616 44032 37376
636819.02 853502.39 422.43 49152 45824 39168
636820.19 853502.84 422.66 49152 45824 39168
636818.45 853502.52 422.59 49152 45824 39168
636818.84 853500.48 422.40 47616 44032 37376
636817.44 853500.76 422.32 47616 44032 37376
636817.10 853502.78 422.56 49152 45824 39168
636816.43 853502.65 422.55 49152 45824 39168
636815.30 853501.60 422.40 47872 44288 37632
636816.82 853500.55 422.30 47616 44032 37376
636814.87 853503.68 422.66 48640 45568 38656
636814.62 853501.42 422.50 47872 44288 37632
636814.25 853503.55 422.63 48640 45568 38656
636813.24 853501.06 422.33 48128 44544 37888
636812.90 853503.07 422.59 48384 45056 38144
636812.77 853500.04 422.23 48128 44544 37888
636811.01 853501.50 422.40 48128 44544 37888
636810.67 853503.57 422.63 48384 45056 38144
636812.36 853502.06 422.58 48128 44544 37888
636808.49 853502.77 422.61 48640 45056 38144
636810.02 853502.70 422.61 48640 45056 38144
636810.41 853500.61 422.33 48384 44544 37888
636808.88 853500.71 422.25 48384 44544 37888
636807.95 853502.02 422.53 48384 44544 37888
636806.51 853500.94 422.27 48640 44544 37888
636807.59 853504.14 422.71 48640 45056 38144
636806.13 853502.98 422.61 48896 45312 38144
636805.62 853501.63 422.50 48640 44544 37888
636805.26 853503.63 422.63 48896 45312 38144
636804.24 853501.24 422.33 48640 44544 37888
636803.88 853503.30 422.59 48896 45312 38144
636803.27 853502.19 422.58 48640 44544 37632
636801.66 853501.11 422.32 48640 44544 37632
636803.68 853500.09 422.27 48640 44544 37888
636801.32 853503.17 422.53 49664 46080 38912
636802.91 853504.19 422.82 49664 46080 38912
636798.83 853503.68 422.63 50688 46848 39680
636800.70 853502.08 422.55 48640 44544 37632
636799.17 853501.63 422.40 48384 44288 37376
636800.34 853504.12 422.73 50688 46848 39680
636796.34 853502.37 422.43 48640 44544 37888
636797.96 853503.68 422.71 50688 46848 39680
636798.32 853501.63 422.39 48384 44288 37376
636796.71 853500.25 422.37 48640 44544 37888
636795.97 853504.39 422.65 50432 46592 39936
636795.33 853503.14 422.63 50432 46592 39936
636793.66 853502.47 422.40 48640 44544 37888
636795.71 853501.07 422.39 48640 44544 37888
636794.02 853500.42 422.29 48640 44544 37888
636793.30 853504.55 422.59 50176 46336 39936
636792.31 853504.62 422.76 50176 46336 39936
636791.23 853500.84 422.43 48640 44800 38400
636793.03 853500.58 422.35 48640 44800 38400
636790.87 853502.96 422.58 50176 46336 39936
636792.69 853502.63 422.58 48640 44800 38400
636790.21 853502.19 422.45 48640 45056 38912
636788.59 853500.45 422.48 48640 45056 38912
636787.87 853504.50 422.73 49664 46080 39936
636789.79 853504.22 422.71 49664 46080 39936
636790.57 853500.15 422.32 48640 44800 38400
636788.23 853502.47 422.48 48640 45056 38912
636785.62 853502.31 422.63 48640 45056 39424
636787.61 853500.83 422.35 48640 45056 38912
636786.00 853500.25 422.46 48640 45056 39424
636785.23 853504.29 422.65 49408 45824 40192
636787.23 853502.90 422.59 49408 45824 40192
636784.72 853501.98 422.43 48640 45056 39424
636782.26 853504.70 422.63 49664 46080 40704
636782.98 853500.61 422.23 49408 45824 40192
636782.60 853502.65 422.45 49664 46080 40704
636784.34 853504.08 422.59 49664 46080 40704
636779.52 853503.89 422.56 50176 46336 41216
636779.90 853501.86 422.25 50176 46592 40960
636781.58 853503.39 422.52 49408 45824 40192
636782.00 853501.29 422.25 49408 45824 40192
636778.57 853503.72 422.58 50176 46336 41216
636777.01 853501.72 422.32 50176 46336 40960
636776.63 853503.75 422.48 50176 46080 41216
636778.93 853501.68 422.30 50176 46592 40960
636773.48 853504.83 422.73 50176 45824 41216
636773.84 853502.73 422.43 49920 46080 40960
636776.19 853501.09 422.17 50176 46336 40960
636774.20 853500.65 422.10 49920 46080 40960
636775.83 853503.17 422.43 50176 46336 40960
636773.25 853500.50 422.09 49664 46080 40448
636771.07 853501.50 422.20 49920 46080 40960
636772.55 853504.65 422.58 50176 45824 41216
636770.66 853503.59 422.43 49920 46080 40960
636772.91 853502.57 422.46 49920 46080 40960
636769.53 853504.48 422.66 50176 46080 41472
636770.29 853500.40 422.16 50176 47104 40960
636769.87 853502.42 422.27 50176 46592 41472
636768.00 853501.37 422.42 50176 46592 41472
636767.66 853503.37 422.50 50176 46592 41472
636766.41 853504.73 422.71 50432 46336 41728
636764.77 853502.02 422.23 50688 47104 41728
636765.13 853500.01 421.96 50944 47872 41728
636764.39 853504.12 422.43 50176 46080 41472
636766.79 853502.61 422.45 50688 47104 41728
636767.17 853500.60 422.17 50944 47872 41728
636764.00 853500.48 422.00 50176 47360 41216
636761.16 853504.87 422.65 50176 46080 41472
636761.90 853500.67 422.10 50176 46848 41472
636763.61 853502.55 422.33 50176 46848 41472
636763.26 853504.67 422.66 50176 46080 41472
636761.56 853502.77 422.29 50176 46848 41472
636758.05 853503.91 422.56 50176 46080 41472
636760.34 853503.24 422.42 49664 46592 40960
636758.41 853501.85 422.33 49664 46592 40960
636760.71 853501.17 422.20 49664 46592 40960
636759.98 853505.37 422.76 50176 46080 41472
636757.14 853503.26 422.53 48384 45568 40192
636756.78 853505.26 422.56 50176 46592 41984
636754.78 853504.80 422.56 50176 46592 41984
636755.14 853502.77 422.43 48384 45568 40192
636755.52 853500.70 422.14 48384 45568 40192
636757.52 853501.11 422.29 49664 46592 40960
636753.57 853505.42 422.53 50432 46848 42240
636753.93 853503.37 422.45 47104 44544 39424
636751.89 853502.34 422.37 47104 44544 39424
636752.22 853500.25 422.29 43520 42496 36352
636754.29 853501.24 422.17 47104 44544 39424
636751.53 853504.39 422.61 50432 46848 42240
636750.94 853502.14 422.30 46592 44544 39424
636750.60 853504.19 422.59 49664 46080 41472
636748.84 853501.34 422.23 46592 44544 39424
636748.48 853503.42 422.35 46592 44544 39424
636751.32 853500.08 422.30 40448 40192 34304
636748.14 853505.49 422.66 48640 45568 40704
636747.58 853502.18 422.43 46592 44544 39424
636747.92 853500.02 422.27 40448 40192 34304
636747.25 853504.19 422.61 45824 44544 39168
636744.86 853505.62 422.78 48640 45568 40704
636745.56 853501.43 422.27 45824 44544 39168
636745.20 853503.53 422.52 45824 44544 39168
636744.01 853504.18 422.59 47104 45312 39424
636744.31 853502.14 422.46 47104 45312 39424
636741.51 853504.48 422.66 47104 45312 39424
636741.85 853502.35 422.33 47104 45312 39424
636744.68 853500.01 422.32 37632 37888 32000
636742.23 853500.34 422.14 41728 41472 35584
636740.38 853504.67 422.59 50176 47104 40960
636741.10 853500.60 422.19 45824 44800 39168
636738.33 853503.66 422.52 48640 46336 39936
636740.74 853502.65 422.46 48128 46080 39936
636738.66 853501.65 422.40 45824 44800 39168
636737.95 853505.82 422.63 51200 47872 41472
636737.48 853501.96 422.39 48640 46336 39936
636737.12 853503.99 422.59 48640 46336 39936
636734.59 853505.83 422.63 51200 47872 41472
636735.26 853501.66 422.37 48640 46336 39936
636736.76 853506.11 422.66 51200 47872 41472
636734.95 853503.70 422.48 48640 46336 39936
636731.87 853501.66 422.40 49152 46592 40192
636734.33 853501.13 422.43 46336 44288 38656
636731.49 853503.73 422.48 49152 46592 40192
636733.95 853503.14 422.46 49152 46592 40192
636731.15 853505.85 422.69 51712 48640 41984
636733.59 853505.24 422.65 52224 48640 41728
636730.78 853501.56 422.33 45568 44288 38400
636730.42 853503.60 422.53 48384 46592 40192
636728.66 853500.93 422.42 45568 44288 38400
636727.98 853504.98 422.56 50944 48896 42240
636728.32 853502.94 422.39 47616 46592 40192
636730.06 853505.72 422.71 51712 48640 41984
636727.55 853500.68 422.43 44544 44288 38144
636727.19 853502.77 422.45 47616 46592 40192
636724.63 853503.66 422.39 43008 43008 36352
636726.85 853504.83 422.59 50944 48896 42240
636724.27 853505.75 422.66 46080 45056 38400
636724.96 853501.65 422.37 44544 44288 38144
636720.79 853506.09 422.58 41472 41472 34560
636723.35 853504.57 422.43 43008 43008 36352
636723.76 853502.47 422.39 43008 43008 36352
636722.99 853506.64 422.63 46080 45056 38400
636721.12 853504.06 422.48 38400 39424 32512
636721.48 853501.96 422.29 43008 43008 36352
636724.12 853500.40 422.20 39936 40704 34304
636717.51 853504.98 422.65 35584 36096 29952
636720.22 853502.52 422.40 38400 39424 32512
636719.81 853504.62 422.58 38400 39424 32512
636718.22 853500.81 422.40 32256 33792 28160
636720.58 853500.48 422.39 35584 37120 30464
636719.47 853506.67 422.68 41472 41472 34560
636717.87 853502.81 422.32 33792 35072 29184
636716.84 853502.14 422.37 33792 35072 29184
636717.18 853500.12 422.52 32256 33792 28160
636714.51 853501.50 422.30 28672 30720 26112
636714.13 853503.59 422.46 29184 30720 25600
636713.79 853505.69 422.63 29696 30720 25344
636716.10 853506.29 422.75 35584 36096 29952
636716.48 853504.24 422.43 33792 35072 29184
636713.26 853502.29 422.12 29184 30720 25600
636710.57 853504.54 422.50 27136 29184 24832
636712.54 853506.35 422.45 29696 30720 25344
636711.24 853500.42 422.29 26880 29184 25600
636713.61 853500.21 422.30 28672 30720 26112
636710.19 853506.64 422.68 27392 28928 24320
636712.90 853504.34 422.39 29184 30720 25600
636710.94 853502.50 422.17 27136 29184 24832
636710.21 853500.06 422.43 26880 29184 25600
636709.11 853506.19 422.63 27392 28928 24320
636709.85 853502.14 422.27 27136 29184 24832
636707.75 853500.22 422.35 25088 27648 25088
636706.67 853506.41 422.61 25088 27136 23296
636709.47 853504.16 422.53 27136 29184 24832
636707.37 853502.27 422.32 25088 27648 25088
636707.03 853504.26 422.37 25088 27392 24064
636705.78 853505.21 422.55 25088 27392 24064
636706.45 853501.14 422.37 25088 27648 25088
636703.37 853505.14 422.50 25344 27136 23552
636706.13 853503.17 422.37 25088 27392 24064
636704.06 853501.07 422.50 23552 25600 23040
636703.70 853503.07 422.23 25344 27136 23552
636705.42 853507.33 422.68 26880 28160 24064
636703.03 853507.21 422.55 26880 28160 24064
636702.48 853503.19 422.33 25344 27136 23552
636699.78 853506.26 422.50 28672 29184 24576
636702.84 853501.16 422.29 23552 25600 23040
636701.76 853507.27 422.53 28672 29184 24576
636700.81 853500.12 422.45 22272 23552 20992
636700.09 853504.24 422.33 25600 26624 23040
636700.45 853502.16 422.27 22272 23552 20992
636702.16 853505.23 422.40 25600 26624 23040
636698.55 853506.55 422.50 28672 29184 24576
636696.45 853503.86 422.23 27648 28160 24064
636696.83 853501.79 422.20 25856 26624 24064
636698.93 853504.48 422.37 25600 26624 23040
636699.29 853502.44 422.19 22272 23552 20992
636699.63 853500.42 422.19 22272 23552 20992
636696.14 853505.93 422.42 29440 29440 24320
636692.51 853506.78 422.39 36096 35072 29696
636693.61 853500.63 422.06 29440 29696 26880
636695.97 853500.21 422.17 25856 26624 24064
636692.87 853504.77 422.33 32768 32512 28416
636695.63 853502.19 422.17 25856 26624 24064
636695.29 853504.22 422.43 32768 32512 28416
636693.23 853502.65 422.22 32768 32512 28416
636694.92 853506.32 422.45 36096 35072 29696
636692.20 853501.81 422.10 35584 35328 31744
636691.82 853503.83 422.23 41984 41216 36352
636689.75 853501.45 422.16 35584 35328 31744
636688.67 853507.63 422.63 50432 48384 41728
636689.05 853505.62 422.35 41984 41216 36352
636689.41 853503.52 422.20 41984 41216 36352
636691.48 853505.98 422.50 48384 46848 40960
636688.57 853501.70 422.07 35584 35328 31744
636687.87 853505.88 422.61 50432 48384 41728
636686.36 853501.13 421.83 41728 40960 36352
636685.28 853507.36 422.59 51456 48640 41728
636688.21 853503.80 422.17 46080 44800 39168
636685.61 853505.26 422.37 46080 44800 39168
636685.95 853503.19 422.23 46080 44800 39168
636687.49 853507.92 422.48 50432 48384 41728
636681.80 853506.58 422.53 48640 46080 39168
636682.88 853500.44 422.14 43264 41984 36608
636685.19 853500.78 422.10 43264 41984 36608
636682.52 853502.45 422.17 43264 41984 36608
636684.85 853502.86 422.32 47360 45568 39168
636684.47 853504.87 422.30 47360 45568 39168
636682.20 853504.45 422.23 48640 46080 39168
636684.11 853506.97 422.63 51456 48640 41728
636681.68 853501.03 422.09 44800 43264 36864
636681.32 853503.09 422.19 48640 46080 39168
636678.53 853504.32 422.22 50944 48128 41472
636680.98 853505.16 422.40 48640 46080 39168
636679.31 853500.22 421.94 44800 43264 36864
636678.17 853506.42 422.46 50944 48128 41472
636678.93 853502.25 422.12 49664 48128 41728
636680.60 853507.23 422.68 52480 49152 41728
636674.45 853507.42 422.59 51712 48384 41472
636677.75 853502.09 422.12 49664 48128 41728
636675.17 853503.26 422.10 48640 46592 40448
636677.39 853504.12 422.39 50944 48128 41472
636677.02 853506.16 422.43 50944 48128 41472
636674.79 853505.29 422.33 50176 47360 40960
636675.51 853501.20 422.02 49664 48128 41728
636674.10 853502.42 422.19 48640 46592 40448
636673.32 853506.55 422.58 50176 47360 40960
636671.02 853505.72 422.46 50944 48128 41472
636671.38 853503.62 422.17 49920 47360 41216
636673.68 853504.48 422.30 50176 47360 40960
636671.74 853501.53 422.00 49920 47360 41216
636674.43 853500.40 422.07 48640 46592 40448
636670.63 853507.77 422.55 51968 48640 41728
636670.58 853501.63 422.17 49920 47360 41216
636667.92 853502.94 422.17 45312 42752 36352
636669.45 853507.83 422.66 51968 48640 41728
636667.51 853505.01 422.29 48640 45568 38912
636669.86 853505.73 422.53 50944 48128 41472
636667.15 853507.10 422.48 52224 48640 41984
636668.25 853500.88 422.04 45312 42752 36352
636670.20 853503.72 422.17 50944 48128 41472
636666.64 853503.09 422.25 45312 42752 36352
636664.15 853503.30 422.35 40960 39424 33280
636666.26 853505.16 422.43 48640 45568 38912
636667.02 853500.99 422.16 45312 42752 36352
636663.77 853505.40 422.37 46080 44032 37376
636664.51 853501.26 421.93 40960 39424 33280
636663.41 853507.47 422.45 51456 48896 41984
636665.92 853507.24 422.56 51456 48896 41984
636662.82 853504.19 422.37 46080 44032 37376
636659.77 853507.42 422.48 50688 49152 42240
636662.46 853506.32 422.55 46080 44032 37376
636660.88 853501.19 421.96 36352 35840 29952
636663.20 853502.18 422.07 40960 39424 33280
636660.52 853503.24 422.17 36352 35840 29952
636662.12 853508.34 422.58 50688 49152 42240
636660.13 853505.30 422.32 43520 42496 36096
636663.56 853500.09 421.81 41472 40448 34816
636659.33 853502.98 422.14 32768 33280 27648
636658.61 853507.08 422.43 45824 45312 38400
636658.97 853505.03 422.30 39424 39424 32768
636656.44 853505.75 422.46 39424 39424 32768
636657.16 853501.62 422.00 32768 33280 27648
636659.72 853500.88 421.97 36352 35840 29952
636656.78 853503.72 422.30 39424 39424 32768
636656.08 853507.86 422.66 40960 41472 34304
636656.11 853500.74 421.93 29440 30976 25344
636653.59 853500.67 421.84 29440 30976 25344
636655.36 853504.85 422.40 35328 36352 29696
636654.98 853506.98 422.66 40960 41472 34304
636652.81 853504.80 422.27 35328 36352 29696
636655.75 853502.81 422.19 29440 30976 25344
636652.45 853506.85 422.55 40960 41472 34304
636652.09 853508.93 422.76 36352 37888 30720
636653.17 853502.68 422.10 29440 30976 25344
636651.75 853504.70 422.42 33024 34560 28160
636648.83 853507.49 422.69 30720 32768 26624
636652.50 853500.58 422.02 28672 30720 26112
636649.94 853501.30 421.94 29184 31232 25600
636651.01 853508.84 422.78 36352 37888 30720
636649.56 853503.34 422.25 29184 31232 25600
636649.17 853505.44 422.55 30720 32768 26624
636652.09 853502.61 422.17 29184 31232 25600
636651.37 853506.80 422.59 33024 34560 28160
636648.91 853500.24 421.96 26368 29184 24576
636647.82 853506.44 422.58 30720 32768 26624
636647.45 853508.49 422.71 32000 34048 27392
636648.57 853502.31 422.10 29184 31744 26112
636648.19 853504.32 422.32 30720 32768 26624
636645.20 853508.15 422.75 31488 34304 27648
636645.58 853506.06 422.55 29696 32768 26624
636645.94 853503.98 422.25 29696 32768 26624
636646.34 853501.98 421.97 27904 31232 25600
636644.66 853504.94 422.45 29696 32768 26624
636643.94 853509.07 422.78 31488 34304 27648
636641.55 853508.75 422.73 30976 34560 28160
636645.04 853502.88 422.19 27904 31232 25600
636644.30 853507.01 422.66 29696 32768 26624
636641.91 853506.72 422.48 28672 32512 26624
636642.27 853504.64 422.42 26624 30464 24832
636642.99 853500.50 421.91 25600 29184 24320
636642.61 853502.58 422.10 27904 31232 25600
636645.43 853500.81 421.86 27904 31232 25600
636641.82 853500.94 421.91 26624 30464 24832
636641.39 853503.01 422.40 26624 30464 24832
636640.31 853509.16 422.79 30976 34560 28160
636639.22 853502.68 422.10 27392 31232 26112
636638.10 853508.87 422.73 30208 34304 28160
636640.69 853507.10 422.48 28672 32512 26624
636638.84 853504.77 422.30 28672 32768 27136
636639.56 853500.61 421.97 25088 29184 24064
636641.03 853505.08 422.43 28672 32512 26624
636638.46 853506.81 422.42 28672 32768 27136
636638.44 853500.19 421.89 26112 30208 25600
636638.05 853502.22 422.16 27392 31232 26112
636637.69 853504.35 422.39 27392 31232 26112
636637.35 853506.37 422.56 28672 32768 27136
636636.93 853508.41 422.75 30208 34304 28160
636635.80 853501.66 421.91 28160 32256 27648
636635.03 853505.83 422.53 28928 33024 27904
636635.39 853503.82 422.37 28160 32256 27648
636634.67 853507.90 422.61 29696 33792 28160
636634.64 853502.11 422.25 28160 32256 27648
636630.99 853509.47 422.71 26624 30720 25600
636633.49 853508.29 422.63 29696 33792 28160
636632.14 853503.34 422.19 26624 30720 26368
636631.35 853507.49 422.52 26624 30720 26112
636633.90 853506.22 422.61 28928 33024 27904
636632.50 853501.20 421.87 26624 30720 26368
636631.74 853505.37 422.40 26624 30720 26112
636634.26 853504.16 422.37 28160 32256 27648
636635.03 853500.02 421.96 27136 31232 27136
636630.40 853506.34 422.39 26624 30720 26112
636631.57 853500.09 421.81 25088 29184 25600
636628.98 853502.09 422.04 24832 28928 25088
636628.59 853504.21 422.22 24832 28928 25088
636630.82 853504.26 422.22 26624 30720 26368
636629.34 853500.04 421.68 26112 30208 26880
636627.84 853508.34 422.50 23552 27648 23296
636631.21 853502.21 422.10 26624 30720 26368
636630.04 853508.41 422.63 26624 30720 25600
636628.21 853506.24 422.25 24064 28160 24064
636627.94 853501.99 421.97 24832 28928 25088
636624.66 853507.54 422.58 23040 26112 22272
636626.85 853508.22 422.65 23552 27648 23296
636625.08 853505.44 422.17 23040 26112 22272
636625.81 853501.34 421.91 24064 27648 24064
636625.45 853503.37 422.02 23552 26880 23040
636627.55 853504.08 422.17 24832 28928 25088
636627.19 853506.13 422.30 24064 28160 24064
636624.30 853509.62 422.65 22528 25600 21504
636624.16 853504.75 422.30 23040 26112 22272
636621.07 853509.57 422.63 21504 23552 19712
636623.80 853506.78 422.42 23040 26112 22272
636624.52 853502.67 422.04 23552 26880 23040
636624.89 853500.61 421.91 24064 27648 24064
636621.47 853507.50 422.56 22016 24320 20480
636623.38 853508.85 422.61 21504 23552 19712
636622.61 853501.32 421.81 22016 24832 21504
636622.17 853503.36 421.94 22272 24832 20992
636621.83 853505.40 422.22 22016 24320 20480
636621.05 853503.80 422.23 22272 24832 20992
636619.89 853509.93 422.63 23296 24320 20736
636620.66 853505.85 422.35 22016 24320 20480
636621.41 853501.68 421.77 22272 24832 20992
636617.82 853508.93 422.56 23296 24320 20736
636618.58 853504.75 422.22 23552 25088 21504
636619.31 853500.67 421.79 25600 27904 24576
636618.19 853506.91 422.43 23552 25088 21504
636620.30 853507.93 422.53 23296 24320 20736
636618.94 853502.77 421.96 24064 26112 22272
636618.19 853501.40 421.77 25600 27904 24576
636616.98 853507.63 422.53 23552 25088 21504
636614.26 853509.82 422.68 30720 30720 27136
636615.41 853503.53 421.84 26112 27136 23552
636617.40 853505.53 422.27 23552 25088 21504
636617.74 853503.49 421.97 24064 26112 22272
636615.04 853505.65 422.37 28416 28928 25344
636614.66 853507.72 422.39 28416 28928 25344
636616.59 853509.70 422.86 23296 24320 20736
636615.80 853501.47 421.77 29184 30976 27392
636613.59 853507.42 422.32 28416 28928 25344
636613.20 853509.52 422.78 39936 39424 35328
636614.33 853503.24 422.00 26112 27136 23552
636613.99 853505.34 422.29 28416 28928 25344
636614.74 853501.22 421.84 29184 30976 27392
636612.16 853503.17 421.97 25600 26112 22528
636612.54 853501.09 421.64 26624 27648 24576
636611.41 853507.34 422.50 31232 31232 27392
636611.79 853505.27 422.35 31232 31232 27392
636611.03 853509.43 422.68 39936 39424 35328
636611.54 853501.06 421.91 26624 27648 24576
636610.80 853505.11 422.27 31232 31232 27392
636611.18 853503.06 422.07 25600 26112 22528
636607.92 853508.34 422.52 28928 28416 24320
636610.41 853507.18 422.56 28928 28416 24320
636608.29 853506.28 422.33 28928 28416 24320
636609.05 853502.09 421.81 25088 24832 21248
636610.05 853509.21 422.73 38912 37888 33280
636609.43 853500.08 421.63 24320 24576 21760
636607.54 853510.42 422.84 38912 37888 33280
636608.65 853504.24 422.14 25088 24832 21248
636604.88 853507.27 422.48 27648 26624 22016
636607.34 853505.50 422.33 25088 24832 21248
636607.70 853503.49 422.04 25088 24832 21248
636608.09 853501.40 421.79 24320 24576 21760
636606.58 853509.69 422.84 37888 36352 31232
636605.29 853505.29 422.30 23296 22272 18944
636606.97 853507.60 422.55 28928 28416 24320
636605.63 853503.14 421.96 23296 22272 18944
636606.05 853501.14 421.81 22784 22272 19712
636604.54 853509.43 422.53 37888 36352 31232
636604.01 853506.09 422.33 27648 26624 22016
636603.63 853508.15 422.56 27648 26624 22016
636601.30 853508.19 422.40 29184 27648 23040
636603.23 853510.23 422.79 37120 35072 29440
636602.09 853504.06 422.14 27136 25600 22272
636604.78 853501.95 421.87 23296 22272 18944
636602.47 853501.99 421.81 27136 25600 22272
636604.41 853504.01 422.12 23296 22272 18944
636601.70 853506.16 422.42 29184 27648 23040
636600.91 853510.31 422.86 37120 35072 29440
636601.39 853502.27 421.87 27136 25600 22272
636600.60 853506.42 422.52 29184 27648 23040
636599.83 853510.61 422.94 41472 39424 33024
636600.24 853508.47 422.59 34304 32768 27136
636599.55 853500.12 421.71 31488 30208 26880
636601.73 853500.25 421.64 26880 25600 23296
636600.99 853504.34 422.20 27136 25600 22272
636597.65 853510.42 422.81 41472 39424 33024
636598.38 853506.31 422.30 34304 32768 27136
636598.78 853504.19 422.02 29952 28672 24064
636599.16 853502.14 421.84 31488 30208 26880
636598.02 853508.38 422.61 34304 32768 27136
636598.15 853501.09 421.70 31488 30208 26880
636594.40 853509.62 422.58 45568 43776 36608
636597.40 853505.17 422.17 38912 37632 32256
636597.81 853503.17 422.10 29952 28672 24064
636596.61 853509.31 422.73 45568 43776 36608
636595.13 853505.49 422.27 38912 37632 32256
636597.04 853507.29 422.39 42240 40704 34560
636594.76 853507.59 422.45 42240 40704 34560
636595.50 853503.43 422.07 38912 37632 32256
636595.91 853501.37 421.77 39168 38144 33536
636594.31 853503.73 422.12 38912 37632 32256
636594.73 853501.72 421.86 39168 38144 33536
636591.32 853507.79 422.52 47616 46080 38912
636590.95 853509.80 422.73 48384 46848 38912
636592.44 853501.55 421.86 40960 40192 34816
636593.58 853507.86 422.50 42240 40704 34560
636593.17 853509.96 422.78 48384 46848 38912
636593.92 853505.82 422.33 42240 40704 34560
636592.08 853503.62 421.97 46080 44800 38656
636591.69 853505.63 422.32 46080 44800 38656
636591.56 853500.80 421.79 40960 40192 34816
636588.11 853507.21 422.55 47616 46336 38400
636588.47 853505.14 422.22 43520 42496 35328
636588.90 853503.07 421.96 43520 42496 35328
636590.80 853504.87 422.17 46080 44800 38656
636590.05 853508.97 422.58 51200 49920 40960
636591.20 853502.81 421.94 46080 44800 38656
636590.43 853506.97 422.42 47616 46336 38400
636587.72 853509.27 422.65 51200 49920 40960
636589.29 853501.04 421.76 37888 37120 30720
636587.88 853502.34 421.91 37888 37120 30720
636586.33 853510.57 422.66 47616 47104 38912
636585.18 853504.11 422.10 38912 38912 32256
636585.61 853502.11 421.97 35072 35328 29184
636588.28 853500.29 421.77 37888 37120 30720
636587.52 853504.35 422.20 43520 42496 35328
636587.15 853506.45 422.45 43520 43008 35840
636586.76 853508.51 422.61 43520 43008 35840
636585.97 853500.08 421.81 35072 35328 29184
636584.01 853510.34 422.71 44032 44032 36864
636584.43 853508.22 422.59 39424 39680 33280
636584.80 853506.21 422.33 43520 43008 35840
636583.80 853506.11 422.37 43520 43008 35840
636584.18 853504.08 422.16 38912 38912 32256
636580.76 853509.67 422.66 44032 44032 36864
636581.58 853505.53 422.30 34560 35328 29440
636581.19 853507.56 422.39 39424 39680 33280
636583.41 853508.18 422.66 39424 39680 33280
636584.59 853501.99 421.97 35072 35328 29184
636583.05 853510.25 422.59 44032 44032 36864
636582.00 853503.45 422.12 34560 35328 29440
636582.37 853501.40 421.81 32256 33280 27904
636580.42 853505.39 422.23 33536 35072 29696
636580.03 853507.42 422.50 36352 37376 31488
636577.88 853506.08 422.19 36352 37376 31488
636577.54 853508.13 422.56 36352 37376 31488
636577.14 853510.21 422.69 33536 34816 29696
636578.70 853501.95 421.93 32256 34304 29440
636578.30 853504.01 422.17 33536 35072 29696
636579.62 853509.52 422.73 36352 37376 31488
636580.80 853503.37 422.17 34560 35328 29440
636581.21 853501.26 421.83 32256 33280 27904
636577.21 853504.09 422.22 32512 34816 29952
636577.58 853502.02 421.97 32256 34304 29440
636576.04 853510.26 422.82 33536 34816 29696
636576.40 853508.24 422.65 33024 34816 29696
636574.06 853508.32 422.65 32512 33792 28160
636575.21 853502.18 421.96 32512 35584 30976
636576.83 853506.13 422.39 33024 34816 29696
636575.61 853500.12 421.48 32512 35584 30976
636574.81 853504.18 422.07 32512 34816 29952
636574.40 853506.26 422.30 31744 33792 28672
636573.66 853510.39 422.63 33280 33792 28160
636573.97 853502.70 421.99 31744 33792 28672
636573.19 853506.83 422.55 32512 33792 28160
636573.58 853504.77 422.30 31744 33792 28672
636572.40 853510.90 422.75 33280 33792 28160
636574.37 853500.68 421.79 32512 35584 30976
636570.45 853509.62 422.61 32512 33792 28160
636572.79 853508.88 422.61 32512 33792 28160
636571.18 853505.49 422.25 31744 33792 28672
636570.79 853507.59 422.37 32512 33792 28160
636571.61 853503.52 422.07 31744 33792 28672
636572.00 853501.47 421.83 31744 34816 30208
636569.99 853505.80 422.33 30976 32512 27392
636566.84 853509.29 422.66 36352 35840 30208
636568.02 853503.13 421.94 30976 32512 27392
636570.78 853501.72 421.79 31744 34816 30208
636570.38 853503.80 422.10 30976 32512 27392
636569.15 853509.92 422.84 33024 32512 26368
636566.43 853511.31 422.73 40192 38912 32256
636568.42 853501.01 421.60 31232 33792 29184
636569.58 853507.88 422.53 32000 32512 26880
636567.63 853505.16 422.14 30976 32512 27392
636567.23 853507.24 422.30 36352 35840 30208
636567.41 853500.60 421.58 29184 31232 26624
636566.25 853506.75 422.43 36352 35840 30208
636565.41 853510.87 422.76 40192 38912 32256
636565.77 853508.82 422.61 36352 35840 30208
636567.04 853502.67 421.84 29184 31232 26624
636563.18 853509.72 422.56 47360 45312 38144
636566.64 853504.75 422.20 32256 33280 27904
636564.39 853503.57 421.99 26880 28672 24064
636563.97 853505.57 422.16 33280 33792 28416
636562.81 853511.77 422.73 47360 45312 38144
636563.57 853507.70 422.33 40448 39424 33280
636564.79 853501.47 421.71 29184 31232 26624
636563.76 853500.34 421.68 26880 28672 24064
636562.18 853508.54 422.33 40448 39424 33280
636561.79 853510.61 422.56 47360 45312 38144
636560.29 853505.37 422.16 37376 37376 32000
636562.56 853506.51 422.39 33280 33792 28416
636559.52 853509.44 422.55 43008 41728 35840
636561.11 853501.20 421.63 26880 28672 24064
636562.95 853504.42 422.07 33280 33792 28416
636563.34 853502.41 421.84 26880 28672 24064
636559.90 853507.42 422.33 43008 41728 35840
636560.71 853503.29 422.00 26880 28672 24064
636559.16 853511.49 422.66 48640 46336 39424
636559.80 853501.95 421.74 29952 30976 26624
636558.62 853508.08 422.33 43008 41728 35840
636558.21 853510.13 422.58 48640 46336 39424
636555.98 853507.85 422.33 45568 44032 38144
636559.01 853506.06 422.23 37376 37376 32000
636559.41 853503.96 422.06 37376 37376 32000
636556.37 853505.75 422.07 41472 40704 35584
636555.14 853511.95 422.63 49920 47360 40704
636556.77 853503.66 421.86 41472 40704 35584
636557.18 853501.56 421.71 33024 33280 29184
636555.59 853509.82 422.32 49920 47360 40704
636554.37 853509.67 422.59 49664 46592 40448
636551.47 853511.97 422.59 49664 46592 40448
636552.65 853505.80 422.14 44288 43008 37888
636555.57 853503.52 421.91 33024 33280 29184
636552.27 853507.83 422.25 46848 44800 39168
636555.16 853505.57 422.10 41472 40704 35584
636554.75 853507.63 422.25 45568 44032 38144
636555.98 853501.49 421.68 33024 33280 29184
636553.98 853511.77 422.73 49664 46592 40448
636553.49 853501.65 421.73 36352 35840 31744
636553.07 853503.66 421.71 44288 43008 37888
636551.86 853509.83 422.33 46848 44800 39168
636551.99 853502.96 421.77 36352 35840 31744
636548.12 853508.97 422.20 48128 45568 40192
636551.22 853507.10 422.25 48128 45568 40192
636551.62 853505.06 422.04 44288 43008 37888
636548.48 853506.97 422.10 48128 45568 40192
636548.91 853504.81 421.89 47104 45056 40448
636550.80 853509.08 422.27 48128 45568 40192
636549.30 853502.78 421.60 39424 38400 34304
636552.39 853500.94 421.61 36352 35840 31744
636550.38 853511.20 422.52 49152 45824 39936
636547.71 853510.98 422.52 49152 45824 39936
636549.75 853500.73 421.70 39424 38400 34304
636543.97 853510.39 422.42 49152 46080 40192
636544.40 853508.32 422.19 49152 46080 40192
636547.50 853505.83 422.14 47104 45056 40448
636547.10 853507.86 422.06 48640 45824 40192
636545.17 853504.24 421.86 47104 44800 39936
636545.58 853502.16 421.50 42752 41216 36864
636546.71 853509.98 422.37 48640 45824 40192
636548.32 853501.72 421.55 39424 38400 34304
636546.32 853512.03 422.56 50176 46592 40448
636544.79 853506.34 422.06 47104 44800 39936
636547.91 853503.80 421.84 47104 45056 40448
636545.99 853500.09 421.41 35840 34816 31232
636543.46 853505.85 421.96 47104 44544 39424
636542.28 853512.02 422.59 50944 47616 40960
636543.91 853503.85 421.74 47104 44544 39424
636540.43 853507.29 422.23 47360 44544 39168
636542.69 853509.98 422.30 49152 46080 40192
636541.68 853501.13 421.38 43008 40960 36608
636544.28 853501.73 421.60 43008 40960 36608
636540.04 853509.34 422.22 48896 45568 39424
636539.62 853511.39 422.27 50176 46848 39936
636541.25 853503.16 421.55 42496 40192 35584
636540.86 853505.23 421.83 47360 44544 39168
636543.07 853507.92 422.29 49152 46080 40192
636540.11 853502.32 421.68 42496 40192 35584
636535.38 853512.05 422.33 49664 46080 38912
636535.77 853509.95 422.07 48640 45312 38912
636540.51 853500.27 421.45 32000 30208 26112
636538.05 853512.56 422.42 49664 46080 38912
636538.47 853510.49 422.35 48896 45568 39424
636538.90 853508.47 422.22 48896 45568 39424
636539.31 853506.39 422.10 47360 44544 39168
636536.14 853507.90 422.14 48640 45312 38912
636536.59 853505.92 421.97 47616 44544 38912
636539.72 853504.35 421.84 47360 44544 39168
636537.36 853501.78 421.58 42240 39424 34560
636536.99 853503.85 421.70 47616 44544 38912
636535.95 853502.06 421.58 42240 39424 34560
636534.70 853508.19 422.25 48640 45312 38912
636535.15 853506.15 422.00 47616 44544 38912
636534.31 853510.23 422.16 48128 44800 38400
636536.36 853500.02 421.58 30976 28672 24320
636531.97 853507.79 421.94 48128 44800 38400
636531.52 853509.87 422.25 48128 44800 38400
636533.15 853501.63 421.51 39936 37376 32512
636533.88 853512.29 422.30 49664 46080 38912
636535.52 853504.12 421.81 47616 44544 38912
636532.75 853503.70 421.61 39936 37376 32512
636531.13 853511.95 422.35 49920 46336 39168
636532.34 853505.76 421.93 46080 43520 37888
636530.57 853507.69 422.09 47360 44288 37888
636527.22 853510.48 422.12 46592 44032 37376
636530.98 853505.69 421.96 44800 42240 36608
636529.73 853511.80 422.43 49920 46336 39168
636530.19 853509.73 422.22 47360 44288 37888
636529.28 853500.15 421.22 29440 28416 24064
636527.61 853508.41 422.06 46592 44032 37376
636528.88 853502.24 421.40 37376 35328 30464
636531.39 853503.55 421.64 37376 35328 30464
636528.01 853506.35 421.84 43008 40960 35328
636531.80 853501.55 421.48 39936 37376 32512
636528.43 853504.29 421.64 37376 35328 30464
636526.79 853512.52 422.39 50176 46592 39424
636527.80 853500.80 421.27 37376 35328 30464
636526.17 853508.98 422.17 46592 44032 37376
636527.39 853502.81 421.53 33792 32768 27648
636522.99 853510.46 422.25 46080 43520 36864
636523.81 853506.32 421.91 41216 39680 34048
636522.61 853512.52 422.32 50688 47104 39936
636525.08 853500.15 421.17 27392 27392 22784
636524.20 853504.31 421.64 33536 33024 27904
636525.74 853511.11 422.43 50176 46592 39424
636523.42 853508.39 422.12 46080 43520 36864
636526.56 853506.97 421.97 43008 40960 35328
636526.98 853504.93 421.86 43008 40960 35328
636524.63 853502.19 421.28 33792 32768 27648
636522.96 853503.49 421.53 33536 33024 27904
636523.37 853501.45 421.43 31232 31744 27136
636522.53 853505.59 421.89 41216 39680 34048
636518.26 853512.46 422.53 49152 45568 39424
636518.69 853510.39 422.25 46336 44032 37888
636522.10 853507.60 422.17 41216 39680 34048
636521.25 853511.76 422.48 49920 46336 39680
636520.72 853500.11 421.24 30720 31232 27136
636519.90 853504.19 421.50 36864 36608 31744
636519.12 853508.32 422.10 46336 44032 37888
636521.70 853509.66 422.09 46080 43520 36864
636519.51 853506.28 421.97 42752 41472 36096
636520.33 853502.12 421.28 36864 36608 31744
636519.05 853501.73 421.22 36864 36608 31744
636517.80 853507.92 422.07 46592 44544 38912
636518.20 853505.88 421.84 44288 43264 38144
636517.38 853510.00 422.50 46592 44544 38912
636514.02 853512.23 422.56 49664 46080 40448
636516.95 853512.06 422.59 49152 45568 39424
636516.09 853501.91 421.40 40192 40192 35584
636514.82 853508.08 422.09 47104 44544 39424
636518.63 853503.83 421.63 36864 36608 31744
636514.45 853510.16 422.29 47104 44544 39424
636515.64 853503.98 421.58 40192 40192 35584
636515.27 853506.03 421.87 41472 40448 35328
636514.97 853500.73 421.35 29952 30976 26880
636514.15 853504.80 421.68 41472 40448 35328
636513.74 853506.85 421.99 41472 40448 35328
636512.44 853513.07 422.39 49664 46080 40448
636509.87 853512.52 422.59 50176 46592 41472
636511.10 853506.34 421.89 38400 37376 32768
636510.26 853510.49 422.35 47360 44800 40192
636512.33 853500.19 421.20 27648 29184 25088
636512.85 853511.00 422.40 47104 44544 39424
636511.95 853502.21 421.47 34816 34816 30464
636511.51 853504.29 421.51 34816 34816 30464
636510.69 853508.39 422.20 47360 44800 40192
636514.56 853502.77 421.38 40192 40192 35584
636513.33 853508.97 422.27 47104 44544 39424
636510.61 853502.02 421.22 29184 29440 25344
636509.79 853506.09 421.94 38400 37376 32768
636508.51 853512.36 422.50 50176 46592 41472
636505.59 853512.95 422.53 49664 46336 40448
636510.19 853504.03 421.47 29184 29440 25344
636506.41 853508.82 422.10 46592 44032 38912
636508.93 853510.28 422.32 47360 44800 40192
636507.21 853504.68 421.60 37120 35840 30976
636506.83 853506.78 421.87 37120 35840 30976
636508.08 853500.60 421.07 27648 29184 25088
636507.69 853502.61 421.25 29440 29696 25088
636509.34 853508.21 422.04 38400 37376 32768
636505.98 853510.92 422.32 46592 44032 38912
636505.73 853505.53 421.70 37120 35840 30976
636505.30 853507.63 421.99 41984 40704 35328
636506.57 853501.45 421.09 27648 29184 25088
636502.75 853506.72 421.87 41984 40704 35328
636502.34 853508.80 422.10 48640 46592 40448
636504.03 853500.55 420.95 29696 30976 27136
636504.90 853509.72 422.33 48640 46592 40448
636504.45 853511.77 422.58 49408 46080 39168
636506.13 853503.52 421.55 29440 29696 25088
636501.52 853512.95 422.61 50176 46592 38912
636501.89 853510.90 422.35 49664 47616 40960
636503.59 853502.57 421.18 32768 32768 28160
636503.17 853504.62 421.41 32768 32768 28160
636501.34 853507.13 421.96 46336 45312 39424
636500.91 853509.23 422.22 49664 47616 40960
636500.45 853511.30 422.45 49664 47616 40960
636501.76 853505.06 421.68 41984 40704 35328
636500.02 853513.38 422.75 50176 46592 38912
636502.60 853500.96 421.18 29696 30976 27136
636502.18 853502.96 421.24 32768 32768 28160
